10
0101010101
1001010101
0001010101
1110010101
0000010101
1111100101
0000000101
1111111001
0000000001
1111111110

10
20 120
20 140
21 145
22 150
23 155
24 157
25 190
26 210
27 249
28 246

1 6
20 12
4 16
16 15
13 15
3 9
19 17
3 6
16 14
8 12
1 14
8 17
6 20
19 9
17 16
9 6
18 4
10 1
7 15
11 9
3 13
14 18
3 20
11 7
17 6
12 11
12 6
13 12
6 16
16 3
16 8
9 20
15 5
8 15
12 3
11 19
15 11
20 18
1 13
17 18
15 10
2 10
7 9
7 19
15 9
8 5
11 4
16 9
18 19
5 13
11 3
16 19
20 17
19 5
14 20
9 18
2 20
3 7
2 1
9 12
15 2
1 8
19 6
4 7
12 7
4 17
15 1
5 18
3 15
17 2
19 14
2 3
5 11
16 2
4 6
5 4
4 13
1 5
15 20
18 11
8 11
17 5
14 17
13 14
5 7
1 17
18 15
19 15
3 4
3 8
2 8
8 9
15 4
4 8
12 2
7 16
5 12
17 9
13 9
5 3
13 19
6 18
19 3
1 18
14 11
10 4
6 14
16 11
5 16
7 14
17 3
17 11
2 5
8 7
1 4
8 10
3 18
5 10
14 4
12 10

9 12
6 13
2 16
8 4
15 13
1 18
15 6
9 13
7 10
20 16
14 1
19 4
9 15
3 10
2 12
7 20
7 4
2 7
5 16
10 6
10 19
9 14
5 11
13 16
20 9
20 5
16 18
2 19
5 6
3 19
13 4
18 20
18 6
4 20
16 12
12 15
17 20
1 13
17 1
17 7
17 12
4 15
7 8
5 3
14 17
16 6
17 11
19 15
11 1
4 17
2 13
11 19
8 19
10 2
8 13
5 1
19 12
13 12
1 20
20 6
3 9
20 19
16 14
9 10
5 19
1 6
11 12
3 8
14 13
5 12
6 9
1 9
6 7
15 11
8 1
5 15
10 14
19 7
6 14
8 2
7 18
2 15
16 9
13 11
4 12
2 18
14 15
15 3
18 5
13 10
2 14
3 13
4 1
6 4
1 19
8 10
2 9
18 19
11 20
18 11
1 15
3 12
11 2
7 13
16 19
17 18
9 17
11 3
2 1
5 9
17 13
3 16
19 6
4 9
20 8
18 3
11 10
6 3
16 17
17 19
14 19
8 17
20 2
2 4
12 18
16 7
5 8
12 8
8 16
4 10
7 12
10 5
11 7
11 8
8 15
3 14
15 7
17 15
16 4
3 7

13 10
6 3
14 5
19 13
3 18
17 18
10 9
9 5
16 13
1 7
19 2
5 11
5 13
4 8
20 4
18 13
19 20
7 2
15 6
15 18
21 9
15 14
4 21
19 17
8 16
9 3
11 21
8 12
1 17
4 1
11 15
3 16
6 8
19 5
18 1
19 3
18 10
8 13
12 13
20 6
3 5
8 14
14 3
19 8
18 19
5 4
4 12
19 12
14 19
6 9
19 4
21 3
13 15
18 2
18 8
2 15
2 4
15 12
12 5
16 9
21 6
17 4
17 11
21 19
9 13
2 5
13 21
17 20
6 17
11 8
12 14
6 5
10 12
6 7
14 2
15 20
7 21
17 14
12 21
12 1
11 2
20 7
6 1
1 21
16 1
14 16
20 18
15 17
8 17
9 11
7 14
1 20
7 8
1 9
5 1
3 17
16 5
10 16
15 21
17 12
16 12
20 3
3 2
2 17
10 11
3 10
2 8
11 18
12 9
21 5
6 11
11 16
10 15
16 7
2 9
9 8
6 10
14 6
14 4
11 7
21 16
7 19
10 2
14 21
5 8
20 8
20 5
4 11
7 17
3 7
7 12
15 8
6 18
6 16
18 14
10 8
5 10
1 14
3 11
21 17
3 12
19 9
19 15
11 14
6 19

8 17
4 16
3 10
5 3
13 8
14 17
21 22
10 15
3 15
21 12
21 15
2 6
4 8
16 15
4 10
7 16
7 15
4 1
4 13
3 1
18 12
5 12
17 19
7 19
1 12
16 14
15 8
17 20
12 13
11 1
8 18
5 18
14 3
11 20
16 1
15 20
9 7
5 16
4 3
18 21
17 11
4 11
21 9
10 5
2 3
18 17
22 16
9 17
13 14
20 13
11 7
14 22
7 17
3 18
22 11
6 18
22 1
2 13
22 9
3 22
3 7
1 18
12 16
20 6
17 12
3 20
3 9
7 20
4 12
19 16
1 6
15 6
4 5
9 8
9 2
15 9
20 22
11 3
19 12
21 16
9 14
21 20
14 7
10 16
22 10
14 1
19 15
12 3
8 1
17 15
10 20
11 8
7 22
13 18
17 4
15 1
16 11
4 20
7 12
8 19
13 6
2 16
14 11
11 6
1 5
19 6
7 4
4 2
9 20
19 4
18 4
16 17
11 18
2 10
8 10
14 19
13 21
3 21
11 19
13 22
5 11
16 3
22 5
12 15
1 19
19 21
10 21
19 3
17 21
21 8
8 6
15 5
5 21
19 20
21 1
14 5
14 2
18 19
12 14
6 9
16 18
14 15
7 6
6 12
14 4
22 17
19 13
22 4
11 13
11 10

20 15
21 5
21 11
15 14
20 18
23 2
20 17
18 14
19 5
13 3
10 8
11 17
19 23
5 1
7 17
22 7
11 20
22 8
19 13
22 4
22 10
16 9
20 6
12 18
22 1
22 15
1 9
23 21
12 5
14 13
19 14
6 11
8 21
8 5
18 23
17 22
9 13
13 20
22 16
18 15
23 3
16 21
6 16
9 2
14 9
18 9
4 8
1 21
18 17
18 2
18 21
3 2
13 5
17 8
9 8
6 8
2 11
16 13
12 16
4 6
15 1
17 19
14 5
11 8
17 15
21 6
18 19
6 3
12 11
5 7
2 5
4 16
15 16
7 11
11 14
12 7
3 8
15 8
8 13
4 18
5 20
1 14
12 10
7 9
13 1
23 11
6 10
21 17
10 16
23 9
6 2
15 9
1 4
4 7
1 17
9 21
11 13
16 1
14 10
7 21
2 21
19 6
23 10
10 15
3 15
9 11
7 2
2 20
2 8
9 17
5 16
19 21
16 17
15 4
11 15
21 13
1 11
23 17
2 13
15 21
23 15
4 21
23 6
23 14
19 15
16 14
13 10
12 15
17 6
22 2
6 1
3 1
10 5
2 16
20 9
23 1
22 6
11 10
11 4
2 4
6 18
3 16
3 9
1 20
22 18
13 6
23 8
15 2
21 22
19 22
15 5
16 7
19 7
12 1
4 23

21 20
21 8
8 24
24 10
1 24
5 10
6 19
11 12
3 9
12 17
3 14
11 18
9 16
4 1
23 14
24 20
20 22
24 6
3 6
5 12
3 21
3 17
15 21
18 24
11 23
19 9
16 19
8 4
7 13
1 9
9 11
1 17
17 15
24 4
17 18
13 24
2 10
1 8
12 13
13 4
12 2
14 17
1 2
1 11
8 13
9 14
1 18
3 2
11 6
8 3
4 2
14 7
10 15
23 8
13 10
5 2
16 14
15 1
19 7
4 5
7 1
6 5
7 2
20 14
24 2
12 21
1 10
14 5
2 16
22 8
19 18
19 4
23 24
14 15
20 7
23 1
13 16
17 5
14 6
7 23
4 6
22 2
7 4
22 1
9 7
22 16
9 8
13 20
23 13
4 10
23 19
3 7
6 20
22 14
22 23
10 7
22 5
2 15
17 11
22 7
2 18
14 24
18 4
7 17
14 19
12 20
15 19
22 21
8 2
9 2
23 5
5 8
18 23
15 7
17 20
5 15
5 3
12 7
24 5
10 18
4 17
11 15
6 9
24 3
8 7
20 23
18 6
22 13
12 3
14 2
16 3
22 6
3 10
16 15
1 19
5 9
10 17
17 8
12 9
19 2
22 9
22 11
13 3
11 10
6 2
24 22
16 5
12 14
9 18
23 10
8 15
5 11
22 17
19 11
9 17
13 6
24 7

1 5
11 24
9 18
24 20
16 21
22 5
8 19
22 24
22 15
5 13
1 3
23 1
7 22
11 21
5 3
23 13
19 24
13 18
11 13
4 18
22 8
19 22
12 14
12 21
11 9
14 17
3 20
17 12
20 5
4 16
1 6
1 19
13 16
15 10
16 2
8 1
4 25
13 4
1 11
16 1
5 21
4 17
7 6
11 20
8 21
8 7
18 25
17 8
23 22
20 4
3 14
19 13
7 15
23 19
10 13
4 5
20 18
25 20
12 13
1 22
17 2
13 21
2 21
17 1
22 18
25 14
21 20
22 10
4 9
7 23
16 5
16 10
2 3
13 1
25 24
18 5
13 22
24 18
15 5
20 7
13 15
14 22
12 22
20 12
23 9
8 18
5 24
5 7
7 21
23 8
14 6
24 17
17 9
17 11
3 17
16 7
7 9
15 21
1 12
10 20
16 6
9 20
24 12
13 9
13 24
11 8
6 20
6 25
12 10
22 2
17 15
12 3
11 2
18 23
11 15
4 14
2 8
6 11
24 16
2 14
16 12
10 6
2 9
14 20
13 14
1 20
24 14
22 21
6 13
11 18
1 2
15 14
13 2
1 9
5 2
2 25
4 23
12 7
9 12
22 20
12 5
3 13
25 13
6 17
16 22
7 1
22 11
20 15
3 6
25 23
9 19
12 23
24 4
15 3
6 12
7 14
4 21
9 5
4 10
7 24
23 10
4 6
2 18
17 20
8 25
10 25
9 21
14 23
12 2
10 14
22 17
7 3
3 10
8 16
21 25
11 3
7 13
7 25
19 4
17 5
3 4
17 19
1 24
14 19
25 16
10 21
15 18
16 17
3 25
14 16

15 2
26 7
21 13
7 15
7 25
1 11
4 19
26 2
10 3
18 5
9 19
26 15
20 7
26 17
2 14
25 12
18 25
24 15
24 6
12 18
21 18
24 26
3 18
20 21
5 10
1 17
23 8
14 4
17 5
10 24
14 16
13 10
25 9
23 7
13 18
18 15
17 19
16 2
15 10
7 2
1 9
23 14
22 1
13 3
23 12
24 20
1 3
4 21
4 23
11 24
7 24
24 13
16 13
4 8
10 14
6 18
6 9
20 5
13 6
10 11
6 3
3 4
18 26
8 12
20 10
4 7
15 11
26 19
16 12
1 15
5 16
12 22
19 2
19 3
7 16
7 18
26 6
17 6
22 3
18 16
7 13
1 14
25 6
21 26
20 6
17 11
23 24
26 13
20 8
8 13
2 17
12 19
10 23
19 7
15 4
12 1
24 14
24 25
20 12
16 4
17 8
25 19
25 4
22 18
8 11
23 26
18 10
20 25
19 13
22 17
22 26
2 22
9 24
23 1
5 2
19 22
10 6
24 4
26 25
16 11
5 22
21 12
19 16
21 19
18 11
12 2
13 25
19 1
3 15
3 12
1 5
17 3
23 25
14 7
22 6
22 21
9 14
17 12
11 23
1 16
7 22
2 21
7 21
13 4
25 16
17 21
11 19
20 22
11 21
21 1
13 20
9 18
7 1
2 3
18 1
4 17
9 8
4 6
4 12
8 6
13 14
15 23
17 23
13 1
2 25
14 26
16 22
1 4
23 19
20 9
4 22
14 6
10 8
12 26
26 8
19 14
14 21
12 7
17 9
26 11
11 7
6 5
15 6
21 5
24 17
6 12
6 16
5 7
22 8
4 26
21 9
1 10
26 3
23 18
1 20
13 12
5 25
21 3
20 15
10 12
2 4
25 22
23 3
8 2
7 9
9 23
11 22
15 8
24 1
15 22

12 22
2 10
5 8
15 20
25 27
23 3
22 5
3 5
5 25
15 19
6 23
20 4
5 27
4 1
1 11
1 22
8 21
5 24
12 8
17 3
24 1
23 13
2 22
22 24
9 5
7 23
16 22
10 9
16 27
8 27
25 6
3 9
24 9
3 16
20 5
5 14
26 15
18 27
21 23
17 24
25 18
6 9
17 9
19 23
17 20
18 16
9 11
18 11
26 3
7 22
21 14
9 27
20 18
2 11
17 1
8 6
1 13
8 19
11 20
19 3
22 11
22 26
14 16
27 19
12 16
15 7
2 15
25 23
20 23
4 17
17 16
18 8
4 12
3 1
20 22
9 1
2 20
10 16
15 13
16 24
27 2
21 15
25 22
3 10
25 4
13 9
15 9
17 18
14 25
8 7
6 24
7 12
18 2
2 4
12 25
19 25
11 17
14 22
1 15
6 10
4 10
25 3
3 2
14 10
13 12
22 3
17 8
9 14
27 15
15 5
3 13
4 26
21 18
18 1
21 16
11 24
10 17
20 24
21 27
22 4
16 9
14 23
12 18
19 17
17 7
13 11
10 27
11 8
6 11
14 4
9 18
1 12
20 3
22 8
4 13
9 22
21 25
2 13
7 26
11 7
7 6
7 20
12 23
16 8
2 5
3 8
6 22
16 4
3 4
1 6
24 21
13 27
11 3
12 5
12 9
12 21
9 19
5 4
23 18
8 9
11 19
9 25
21 2
24 19
6 13
21 10
27 14
26 21
25 20
26 12
4 21
10 7
21 11
10 5
26 16
18 26
20 13
7 13
3 7
6 21
6 15
16 23
19 12
17 26
4 7
5 7
20 6
9 2
8 14
14 7
10 23
2 12
24 4
27 23
7 16
8 1
13 24
26 25
7 2
18 24
12 10
14 17
6 18
8 13
27 4
1 19
24 23
13 18
26 20
21 9
3 24
6 26
15 8
15 22
3 15
20 14
18 14
16 25
17 2
22 13
20 10
23 26
20 8
15 25
18 10
24 25
16 11
10 26
2 1
22 23
25 13
27 22
15 16
20 9
2 6
20 12
16 20
12 11
23 1
11 26
12 6
14 2
17 22
6 4
18 15
11 10
7 21
23 4
14 3

12 4
3 1
19 20
27 20
2 17
8 21
2 14
4 10
10 16
6 4
4 18
27 15
20 2
3 28
2 21
7 8
5 14
27 21
7 4
7 5
11 26
26 5
9 18
16 15
15 17
22 6
12 7
5 15
19 11
23 13
8 4
19 22
8 18
24 6
11 14
10 22
20 12
16 27
1 10
26 14
14 15
23 5
23 28
7 26
15 11
17 4
23 22
8 23
14 24
25 4
1 4
28 22
9 25
13 7
25 8
11 23
5 8
26 20
24 3
21 12
23 10
8 1
27 19
21 19
8 28
11 12
24 4
6 19
22 13
6 20
25 5
17 8
16 26
14 27
14 25
1 13
9 22
7 15
21 7
16 28
24 5
18 2
22 18
23 15
14 23
27 1
22 1
10 15
28 12
16 18
15 19
3 13
22 12
10 9
3 22
7 25
5 2
5 1
13 17
24 17
4 22
15 2
10 13
11 8
17 16
13 16
13 11
9 23
14 18
24 10
27 13
13 14
19 26
2 27
8 6
22 11
8 26
24 13
20 9
23 20
8 24
6 9
12 24
7 2
9 7
25 24
27 10
6 23
12 17
22 26
14 6
5 22
14 7
6 5
28 17
25 28
12 19
6 3
22 21
26 1
27 18
27 4
4 21
17 22
2 9
20 21
4 16
2 12
28 20
20 8
4 28
10 21
15 21
22 2
20 24
20 17
4 11
8 27
11 25
26 24
10 3
16 7
2 24
1 11
25 26
23 27
27 12
12 13
26 3
17 21
7 18
9 24
25 16
26 10
4 5
13 15
18 12
16 11
27 28
27 5
16 1
11 20
20 16
24 11
1 23
27 24
23 25
11 6
6 1
12 16
12 9
7 19
27 17
25 15
3 19
6 16
5 11
20 10
2 23
14 9
19 5
5 21
26 27
21 1
14 16
28 26
7 17
3 5
8 15
15 1
27 11
2 28
3 25
25 10
16 24
10 6
25 22
25 17
19 25
20 25
18 5
1 20
12 8
19 18
13 28
21 14
22 27
13 25
19 14
9 19
9 3
19 13
16 8
28 5
14 4
2 19
2 25
21 24
24 7
10 11
5 10
19 4
22 8
28 11
7 28
3 20
