300
7 7 7 7 7 7 7 7 7 7 7 7 4 4 4 4 2 2 2 3
7 7 7 7 7 7 7 7 7 7 7 7 4 4 4 4 2 2 2 3
7 7 7 7 7 7 7 7 7 7 7 7 4 4 4 4 2 2 2 3
7 7 7 7 7 7 7 7 7 7 7 7 4 4 4 4 2 2 2 3
7 7 7 7 7 7 7 7 7 7 7 7 4 4 4 4 2 2 2 3
7 7 7 7 7 7 7 7 7 7 7 7 4 4 4 4 2 2 2 3
7 7 7 7 7 1 7 7 7 7 7 7 4 4 4 4 2 2 2 3
7 7 7 7 7 7 7 7 7 7 7 7 4 4 4 4 2 2 2 3
7 7 7 7 7 7 7 7 7 7 7 7 4 4 4 4 2 2 2 3
7 7 7 7 7 7 7 7 7 7 7 7 4 4 4 4 2 2 2 3
7 7 7 7 7 7 7 7 7 7 7 7 4 4 4 4 2 2 2 3
7 7 7 7 7 7 7 7 7 7 7 7 4 4 4 4 2 2 2 3
7 7 7 7 7 7 7 7 7 7 7 7 4 4 4 4 2 2 2 3
7 7 7 7 7 7 7 7 7 7 7 7 4 4 4 4 2 2 2 3
7 7 7 7 7 7 7 7 7 7 7 7 4 4 4 4 2 2 2 3
