10
0111111111
1011111111
1101111111
1110111111
1111011111
1111101111
1111110111
1111111011
1111111101
1111111110

10
50 800
52 900
55 1000
70 1800
80 2089
100 3192
25 295
35 578
40 752
50 1222

8 47
6 37
50 31
9 48
28 21
34 2
43 17
38 33
47 31
25 41
41 7
18 12
2 13
27 40
23 39
47 28
38 20
37 2
46 6
18 21
34 13
36 49
9 42
11 14
6 3
38 29
44 34
3 35
29 23
15 12
31 38
4 30
33 36
14 19
11 35
20 6
50 7
29 33
35 15
48 15
6 25
10 37
47 32
19 35
32 18
36 18
6 12
50 41
38 4
46 33
24 32
25 8
39 7
45 30
13 27
17 7
15 46
26 11
49 12
14 7
46 23
14 8
10 7
10 19
28 35
48 49
49 23
13 15
22 26
7 45
47 30
6 27
7 32
33 23
29 27
27 44
49 43
49 13
33 35
50 35
30 17
43 7
47 41
23 3
6 41
49 32
5 34
27 38
3 39
35 16
28 13
14 28
14 12
13 26
42 15
24 50
2 30
23 20
26 39
15 49
47 23
40 13
37 9
28 4
46 28
39 34
25 31
29 16
42 25
29 39
42 32
1 48
43 36
41 29
16 39
18 4
9 36
3 13
13 46
5 30
12 31
36 4
8 45
35 9
43 47
33 31
48 11
45 34
8 21
36 1
20 37
21 22
44 22
12 29
23 30
43 41
43 33
50 40
22 49
46 10
3 50
12 38
4 13
8 22
34 29
21 45
23 27
20 10
46 44
31 42
39 32
37 40
19 20
1 28
9 5
17 40
22 7
50 4
27 48
16 6
42 29
26 2
4 6
29 7
4 29
34 47
31 8
29 2
42 49
49 17
9 46
43 45
38 45
27 2
37 47
50 38
17 38
15 50
24 36
25 2
5 12
39 15
44 5
45 49
24 44
41 19
1 23
39 38
15 32
26 10
45 18
46 50
29 24
48 35
5 46
18 37
13 8
45 6
30 25
8 16
44 14
40 8
29 32
19 25
39 19
40 20
42 22
10 48
49 2
29 15
40 18
40 29
18 46
40 39
4 2
6 23
15 40
6 31
43 31
8 33
4 22
24 19
30 8
1 39
41 22
26 18
29 19
44 28
18 3
9 23
37 42
13 12
8 37
10 1
15 44
24 41
24 39
39 8
30 31
42 44
5 38
12 34
45 10
38 46
34 1
28 29
26 12
31 21
1 47
6 35
2 7
47 50
33 14
41 3
10 36
15 22
10 15
42 5
16 30
10 30
40 33
14 16
38 40
10 35
29 20
34 22
43 42
8 7
22 27
24 7
37 41
35 7
49 4
45 50
2 24
32 22
35 5
1 45
48 8
8 43
4 34
9 10
35 37
48 22
35 21
5 31
45 4
44 50
50 23
12 43
32 25
36 42
18 6
46 48
32 36
21 27
40 2
7 30
27 35
19 34
15 9
46 17
12 23
7 38
6 33
14 15
50 11
5 11
37 32
23 48
42 8
45 17
48 38
36 3
3 44
11 28
22 28
31 37
23 7
19 28
46 32
6 43
16 48
16 45
33 19
41 15
40 44
6 29
32 14
49 9
25 48
10 34
15 17
28 34
6 10
45 15
16 46
49 31
16 20
32 34
25 11
25 39
39 21
38 16
19 16
41 18
5 22
33 11
29 46
12 24
36 37
1 4
49 11
40 25
10 17
9 22
45 19
41 16
40 19
20 11
6 26
27 3
10 23
1 2
2 21
8 9
17 18
43 44
14 49
40 49
26 37
11 8
38 11
9 18
9 4
47 21
48 26
42 26
41 31
29 11
47 10
9 25
5 23
40 24
17 35
49 47
36 45
47 33
24 22
29 25
8 12
18 30
46 20
5 6
4 3
46 36
33 1
42 12
16 9
43 9
17 20
7 3
5 24
44 18
30 26
6 11
46 37
44 35
17 11
11 12
5 21
33 16
35 12
16 44
47 48
32 17
19 44
15 34
48 33
41 32
34 49
2 8
50 1
36 8
38 18
22 16
27 47
40 23
30 20
25 44
15 37
4 31
9 31
1 12
26 47
24 6
43 2
44 17
2 35
21 4
47 20
47 35
44 49
36 19
13 45
18 49
26 41
19 32
27 5
19 18
50 30
6 28
21 41
49 5
2 9
2 39
47 40
7 18
41 45
3 5
46 8
42 24
28 17
30 43
45 37
4 37
37 22
41 27
43 29
22 25
6 15
7 44
27 8
26 14
3 32
18 47
36 48
39 33
28 36
33 32
15 5
18 1
48 4
42 38
10 18
42 48
21 40
30 13
16 27
27 43
8 15
21 50
16 47
34 18
37 49
23 31
19 38
24 38
10 29
46 35
3 37
21 42
34 7
44 47
27 49
27 33
49 8
4 41
1 25
28 25
47 45
17 5
22 30
5 29
24 3
24 20
19 50
42 23
14 34
12 39
26 50
24 10
14 18
30 6
7 16
19 49
28 12
20 4
48 17
22 13
10 31
40 4
5 41
12 36
48 6
14 22
47 19
10 32
4 5
8 28
37 16
9 12
39 4
18 11
30 9
43 46
44 4
27 18
6 21
7 5
6 40
45 28
21 3
30 24
11 46
39 28
7 48
22 29
40 36
33 18
32 30
33 26
29 9
26 38
12 50
13 10
6 19
3 14
3 19
6 1
6 17
34 21
7 28
36 17
47 39
48 30
37 1
15 36
37 13
9 17
48 5
3 2
1 43
26 43
47 14
43 15
43 24
37 7
18 23
50 37
15 16
36 20
1 40
39 18
30 35
20 9
50 2
15 21
10 38
7 25
12 17
36 39
23 37
26 40
14 17
41 40
36 29
32 35
21 30
2 23
50 9
41 14
17 26
38 9
38 34
9 40
47 4
10 44
40 34
31 26
48 18
1 3
35 13
46 21
31 36
31 17
24 13
48 50
9 26
11 34
35 1
38 1
42 7
30 34
33 44
32 50
33 24
23 14
16 28
41 17
17 1
11 7
40 5
13 5
3 38
5 26
16 2
14 5
39 46
42 28
20 42
34 42
20 12
32 43
48 13
12 30
15 38
21 25
33 3
1 15
14 30
25 45
47 3
19 2
4 16
11 47
44 39
28 50
16 25
39 48
9 1
13 36
24 9
43 5
48 24
23 8
44 8
30 39
44 45
31 28
10 39
49 10
24 21
27 17
7 12
7 21
37 21
20 8
20 3
36 26
20 21
44 12
1 5
28 49
47 7
47 38
33 10
20 34
27 31
1 22
42 10
29 30
13 31
45 33
49 16
24 26
3 15
34 23
46 14
48 40
23 19
12 3
24 47
23 15
25 12
14 31
4 11
5 8
14 6
7 49
40 22
24 14
23 43
33 20
8 6
33 21
43 3
21 17
20 25
3 28
32 40
11 32
21 10
46 7
3 29
33 34
2 33
34 27
29 17
32 2
45 29
32 1
32 21
14 39
26 29
19 13
9 6
50 18
14 20
1 16
4 35
25 3
18 29
38 2
24 37
18 24
20 26
23 25
9 45
24 31
8 10
39 43
8 41
1 13
1 11
26 21
19 9
15 11
37 38
17 3
37 14
20 45
50 42
49 20
37 17
36 50
12 16
41 49
32 12
27 14
16 10
38 41
50 17
4 25
36 38
19 15
26 16
9 33
41 30
42 11
13 20
47 15
4 8
2 45
30 38
10 50
36 11
10 12
32 44
46 26

29 18
29 21
45 11
1 4
47 15
31 34
2 52
4 12
17 33
28 5
15 1
11 17
2 7
38 47
5 2
14 47
4 44
42 30
33 51
24 22
43 26
28 25
5 42
6 30
19 37
45 38
51 28
22 10
8 37
18 48
23 4
10 36
47 50
5 43
51 52
40 29
49 40
35 52
30 49
13 22
48 23
14 52
38 21
5 46
25 14
50 6
2 47
13 29
16 17
33 49
21 40
36 4
41 15
3 50
19 25
43 27
40 36
26 15
52 27
30 13
17 41
40 34
17 10
22 11
12 18
52 38
50 2
7 11
24 28
2 26
30 9
7 13
32 36
31 12
2 31
13 5
43 52
20 41
12 33
6 52
8 52
50 10
46 34
24 14
46 39
1 52
49 24
29 4
24 21
52 50
47 37
34 12
27 34
20 49
15 33
10 19
29 10
46 19
10 47
20 39
23 20
32 23
3 33
22 50
37 38
52 33
30 50
13 4
51 44
20 25
48 33
49 15
46 26
20 18
43 8
51 25
12 16
1 3
11 51
21 33
35 48
11 32
30 43
44 37
5 6
5 33
10 26
25 35
13 44
50 37
41 21
50 13
20 9
3 6
5 51
10 7
8 31
37 45
32 51
34 1
41 5
12 22
11 34
33 14
2 6
32 41
25 32
36 24
7 44
5 10
14 18
30 5
17 38
1 39
16 18
47 21
40 1
17 18
47 7
32 27
14 28
43 11
42 47
22 23
1 41
39 22
29 44
44 8
7 50
13 43
6 1
50 4
34 17
44 39
26 31
14 36
24 16
8 40
19 51
46 16
48 42
14 21
12 17
47 36
31 36
24 9
31 39
9 26
32 42
26 8
2 49
46 11
34 37
49 42
5 18
48 14
44 50
12 30
35 7
41 9
37 25
11 16
11 29
33 8
36 3
9 11
8 25
4 22
38 4
45 21
26 36
31 47
32 40
13 9
16 20
26 42
23 39
44 32
3 41
17 46
36 33
23 43
47 52
11 1
2 22
19 36
9 8
19 45
16 45
22 3
37 17
39 41
2 48
9 42
42 43
37 11
26 47
43 21
6 20
17 51
24 4
43 38
15 45
39 3
13 28
19 52
18 31
28 40
11 24
38 9
29 6
25 7
25 43
37 15
34 32
2 27
45 29
25 50
50 9
24 43
9 33
13 39
3 18
7 3
38 28
39 18
30 36
5 32
42 44
3 11
3 28
51 31
21 2
31 48
44 22
52 21
20 38
30 21
29 22
2 24
26 4
7 48
10 25
3 35
8 2
35 16
46 18
39 24
44 38
24 42
28 6
4 52
4 15
40 51
7 22
46 37
38 40
27 50
28 8
45 46
38 19
27 4
27 44
42 8
51 50
27 20
43 28
4 42
7 15
30 41
45 36
46 25
7 27
32 12
1 20
6 47
14 11
22 8
33 42
39 8
14 51
17 1
13 41
27 5
23 34
9 44
15 11
21 44
29 2
42 13
28 19
4 34
15 19
27 10
45 52
1 14
35 12
12 43
34 52
26 35
22 49
30 32
16 25
5 22
23 12
48 50
5 15
17 47
4 10
39 48
5 34
16 29
38 25
43 39
49 4
50 34
24 13
42 45
47 28
44 20
12 49
42 40
9 49
40 3
2 4
9 27
28 35
19 18
38 12
19 42
27 12
10 40
23 42
46 28
32 19
51 36
26 25
6 15
23 27
1 29
41 28
16 9
39 2
52 39
48 17
25 27
44 26
42 51
5 3
22 15
1 8
43 18
23 30
45 51
26 52
24 10
28 34
32 1
52 12
6 21
49 52
30 19
18 49
45 47
39 19
30 24
19 16
36 5
48 9
34 25
44 31
50 16
26 22
16 13
42 16
50 26
21 22
3 26
40 24
25 29
12 9
24 20
11 40
39 51
36 17
5 38
8 48
33 20
7 39
39 34
4 9
41 7
30 14
19 14
8 34
47 13
29 30
50 1
29 26
18 36
23 8
50 35
11 5
31 10
5 20
46 21
8 27
37 42
46 12
23 1
17 32
3 31
25 1
6 18
42 35
8 12
43 34
51 43
48 36
8 5
41 26
20 4
28 11
13 11
43 47
15 51
2 43
30 26
39 49
33 43
7 12
13 38
46 52
39 45
49 31
28 37
32 29
40 5
18 22
41 12
30 25
52 42
39 10
7 37
34 45
33 11
49 8
7 32
3 19
34 42
31 30
37 13
16 10
2 14
52 37
40 52
13 51
9 1
23 41
26 24
49 11
17 4
13 27
35 46
48 40
3 29
18 27
19 34
43 49
5 14
29 48
40 27
31 17
7 28
45 43
19 21
21 51
20 7
16 6
36 22
28 26
9 28
41 44
43 20
19 48
6 13
51 27
13 36
20 31
43 14
22 42
16 8
19 6
3 21
16 44
4 31
46 51
14 7
51 30
11 6
15 43
6 51
10 15
7 1
24 37
39 30
38 16
27 26
3 25
5 44
50 18
28 20
49 17
10 37
10 3
18 51
6 12
16 31
11 25
45 8
40 50
30 35
14 26
32 21
20 15
48 49
9 40
46 3
38 6
22 32
15 27
23 13
47 51
11 50
1 18
13 45
51 10
14 37
48 11
45 40
10 2
21 10
8 4
31 9
13 34
3 20
37 39
30 45
19 5
3 52
33 38
35 23
40 18
41 47
32 8
52 5
33 39
11 27
25 12
16 14
33 13
21 27
30 4
12 47
40 47
1 10
5 48
17 5
32 46
24 47
26 51
35 49
6 40
24 52
35 27
13 31
9 32
4 5
36 38
17 50
17 39
52 36
52 17
44 10
29 35
31 33
23 50
35 19
13 14
36 6
50 38
40 39
49 28
31 28
21 4
22 34
28 42
6 41
48 12
24 51
35 36
4 28
16 26
6 4
13 32
51 29
19 17
8 51
10 6
43 29
29 19
4 19
45 17
15 36
26 40
47 33
23 40
29 17
20 26
20 17
27 14
35 6
43 19
28 39
19 41
25 13
46 10
29 52
40 2
10 23
8 38
32 38
32 15
9 35
12 29
3 43
6 44
11 10
38 42
36 49
45 25
4 16
39 42
14 15
20 47
37 48
31 11
37 30
49 46
8 46
4 41
44 15
15 8
45 49
9 34
7 33
47 5
22 37
21 8
44 30
41 42
21 23
8 41
48 20
22 25
52 11
5 21
31 22
24 41
44 49
21 25
47 27
45 9
44 52
47 8
39 25
36 42
33 37
16 5
46 9
46 15
10 9
44 48
37 21
9 37
46 40
48 21
24 32
29 41
46 20
8 11
37 40
18 44
44 25
16 28
42 20
7 30
49 25
2 38
51 9
35 15
3 17
31 32
7 46
16 15
33 32
27 28
30 47
25 4
36 37
51 35
38 41
19 44
35 17
4 11
42 10
45 35
30 46
9 18
49 47
30 38
28 48
48 25
33 34
32 48
21 35
50 20
16 21
41 2
17 28
13 3
48 4
30 40
12 1
21 36
22 1
49 14
36 44
32 43
8 18
24 15
44 28
46 47
22 35
8 24
9 36
22 19
12 40
12 2
2 11
10 41
51 34
30 3
44 2
35 4
26 39
16 2
40 4
6 33
48 10
52 15
38 39
4 14
42 46
19 7
3 51
35 34
51 41
32 45
12 11
48 52
38 35
28 30
21 13
31 7
42 12
22 41
43 22
25 47
15 17
50 46
32 50
49 1
22 14
10 8
13 1
22 33
37 5
6 42
27 41
32 52
22 28
32 3
14 9
24 31
15 30
43 35
21 7
7 23
26 38
17 23
26 18
24 5
49 23
12 20
7 16
13 46
41 35
22 46
38 31
27 31
29 23
18 30
12 3
10 43
33 40
21 31
10 32
29 5
3 37
26 12
12 15
40 22
48 34
27 39
12 37
45 10
44 12
1 48
35 1
22 27
9 23
46 48
3 49
20 8
30 34
18 23
22 9
23 15
47 29
27 42
15 42
23 5
5 35
2 3
6 22
16 23
6 14
24 1
6 25
18 10
9 5
11 38
16 3
46 38
34 24
9 25
3 34
31 50
15 9

30 41
22 30
38 7
21 52
16 33
5 17
41 23
36 45
27 41
11 26
43 35
5 48
46 53
33 39
40 13
17 19
43 25
51 55
5 9
8 21
53 24
47 20
19 40
23 34
33 30
55 50
45 5
53 32
34 35
8 41
15 5
38 13
26 39
2 22
21 15
37 29
40 51
45 17
7 49
15 19
20 37
19 14
6 32
30 24
18 47
45 40
10 37
28 17
2 11
44 17
23 11
40 32
5 10
29 55
41 47
17 15
43 4
44 38
26 45
47 35
41 53
42 35
34 48
50 7
10 2
47 7
33 37
33 51
19 45
8 43
36 1
15 43
49 27
11 46
4 19
10 32
36 29
23 7
31 38
47 39
54 45
27 32
42 1
16 50
34 51
17 42
23 49
3 55
9 19
22 13
23 42
35 12
52 48
44 43
3 47
38 35
41 15
31 34
22 26
40 36
51 31
3 40
12 52
22 14
27 53
46 16
16 27
3 49
19 30
51 43
6 18
54 1
15 3
9 11
9 18
3 32
4 49
16 3
54 30
38 52
4 17
50 6
42 31
38 33
10 15
5 52
9 53
33 53
13 53
32 12
34 26
51 10
5 8
52 23
52 34
40 48
13 28
26 46
6 36
20 40
34 14
17 7
3 4
46 15
4 11
21 50
20 1
51 52
38 53
29 10
1 51
53 51
29 21
38 20
40 38
47 37
9 48
49 17
38 32
6 10
49 53
52 50
42 21
36 18
9 13
24 13
42 11
17 18
2 35
37 1
28 34
34 40
6 51
16 15
31 16
9 34
19 51
19 53
14 13
16 19
2 38
16 38
42 45
8 36
2 34
36 30
25 16
49 10
26 30
20 4
11 54
3 54
10 44
9 43
5 2
35 53
52 44
47 28
37 34
21 24
11 16
6 4
6 34
23 22
2 12
18 55
18 14
13 8
49 1
7 40
33 27
19 21
12 8
27 22
49 38
52 7
4 36
17 29
54 32
1 53
41 35
13 46
30 14
43 33
48 42
50 48
42 5
34 25
42 12
52 20
53 10
23 35
43 14
50 45
19 22
9 12
3 23
6 23
52 30
48 23
55 4
47 17
5 13
11 51
35 37
54 23
4 18
48 47
42 15
30 23
37 41
19 55
40 30
17 1
41 21
33 44
8 9
24 3
49 33
10 50
29 28
27 19
34 16
36 15
14 47
38 37
12 48
31 47
48 28
37 16
15 26
54 25
18 3
49 54
30 25
23 28
36 55
32 44
43 19
15 54
32 34
32 9
12 14
21 30
12 11
44 1
38 9
7 26
39 11
1 21
54 9
37 17
27 13
26 50
24 34
16 28
7 39
19 20
47 27
3 37
6 14
41 36
26 8
8 30
24 22
38 30
47 10
50 53
9 49
39 34
19 1
27 43
28 38
52 1
51 4
13 45
35 13
2 1
43 54
42 46
24 50
45 27
25 32
29 44
33 25
29 41
22 18
53 18
43 34
16 30
48 18
9 3
23 8
42 38
21 45
47 43
1 12
31 43
1 39
15 28
27 18
26 12
16 6
41 54
20 23
1 45
2 32
53 26
23 31
46 32
51 17
4 32
14 53
34 19
51 54
10 16
28 11
43 16
39 38
17 35
2 43
53 23
16 17
22 39
13 49
29 38
50 1
45 29
13 10
1 46
13 7
17 12
6 3
21 23
16 24
52 10
53 34
13 2
44 27
33 3
29 4
1 8
53 39
37 44
49 37
33 8
55 52
7 22
37 28
12 19
40 33
10 17
49 40
28 45
24 1
39 46
45 49
30 12
4 12
7 33
32 39
23 12
21 32
16 23
55 23
4 31
9 25
21 16
24 29
42 4
30 1
20 5
28 27
42 36
55 49
18 8
39 25
48 35
41 52
40 46
49 20
40 41
35 45
33 18
34 3
31 36
31 46
2 31
52 28
50 14
54 33
43 29
36 47
3 30
55 9
50 38
6 27
16 54
27 12
49 5
18 45
5 14
39 28
37 36
27 15
50 32
41 4
2 33
14 11
37 55
40 17
51 42
44 36
28 51
20 15
12 15
15 31
19 37
13 11
7 5
50 23
3 27
8 14
35 10
47 33
35 7
8 19
13 26
31 32
1 40
44 41
3 42
1 29
26 36
53 20
54 18
48 15
23 5
30 34
43 11
49 32
2 45
54 22
13 51
38 41
21 39
29 14
51 3
50 39
33 50
51 26
13 16
8 20
7 15
29 23
24 12
10 38
38 22
29 16
30 11
53 29
48 3
50 36
14 24
43 49
19 48
46 6
34 41
31 1
40 16
1 38
55 13
25 20
42 8
44 15
41 24
20 11
43 42
22 37
23 47
53 47
55 54
40 24
22 35
23 19
38 4
37 13
51 2
8 11
28 44
30 13
36 17
37 46
14 26
2 42
24 28
4 5
27 34
55 28
47 55
26 27
9 40
19 33
29 40
32 20
48 14
32 26
4 47
8 52
26 25
6 1
38 24
5 44
10 30
42 16
23 18
35 6
3 29
41 45
40 37
25 49
23 32
50 37
51 36
4 34
9 14
16 53
50 43
55 30
42 30
38 54
8 17
15 55
36 3
49 26
3 19
6 12
30 51
23 15
24 47
44 20
4 53
46 7
7 31
24 48
29 13
20 43
34 7
45 10
25 53
27 10
14 38
20 51
22 41
48 39
17 6
49 51
46 54
26 42
45 15
41 33
37 26
30 43
8 16
6 33
5 21
46 3
49 14
17 52
22 28
53 52
51 35
22 32
21 34
20 7
7 41
28 1
26 41
36 7
12 16
41 46
10 3
22 21
38 48
6 19
39 8
39 24
41 43
14 2
26 18
42 9
37 4
49 15
3 7
36 48
29 47
48 25
47 38
48 1
54 6
16 39
30 49
48 13
22 11
18 10
46 45
36 16
49 22
11 32
27 40
23 44
25 12
23 40
33 1
6 31
7 29
54 36
33 15
14 46
54 44
50 5
35 49
15 32
31 28
12 36
18 42
19 31
28 41
8 37
40 42
2 16
7 9
10 34
18 28
41 20
2 8
41 11
11 27
45 6
27 50
10 43
5 40
38 17
5 41
20 48
21 7
22 47
5 19
8 51
39 29
9 33
55 16
41 31
21 10
54 8
55 35
25 10
49 19
43 45
29 34
42 10
10 41
26 23
47 11
35 20
21 26
29 54
7 27
55 53
44 11
6 53
23 27
15 8
29 51
47 19
12 38
51 21
37 52
55 8
7 16
1 32
52 32
24 11
5 34
47 25
4 40
19 54
13 3
31 53
43 32
48 54
33 14
43 7
9 15
52 42
4 24
22 4
6 15
29 48
52 14
12 28
4 39
7 48
21 20
7 1
53 37
44 9
44 22
42 39
45 33
17 43
46 25
22 33
38 43
36 46
19 46
5 29
26 16
44 48
13 43
40 35
46 24
32 28
25 5
16 49
55 6
25 14
10 7
20 24
20 36
25 18
3 38
6 22
18 7
9 37
7 51
39 18
22 48
34 42
10 8
29 26
52 39
38 8
48 45
41 50
28 2
31 9
1 27
14 28
24 23
42 29
32 7
32 55
25 51
45 12
20 50
10 9
32 8
20 28
39 27
32 29
30 7
6 42
46 22
39 17
22 55
36 27
24 5
51 47
9 46
30 35
8 40
24 45
35 36
12 3
28 42
14 36
22 51
32 45
15 24
43 39
50 35
53 42
24 44
26 55
36 53
20 45
40 43
26 24
32 41
54 27
39 12
26 17
15 18
55 24
14 51
43 48
21 12
32 14
10 11
32 24
46 30
54 52
24 43
40 12
27 2
24 52
4 2
45 11
24 25
13 44
2 24
23 17
52 4
31 10
17 24
31 13
20 10
50 2
43 53
35 3
52 13
42 19
31 39
32 5
42 54
49 41
36 49
31 27
51 48
2 30
7 6
13 18
20 55
8 25
35 16
14 7
3 52
17 31
45 23
45 22
47 45
17 11
45 16
24 18
31 3
12 10
16 51
45 44
30 27
11 52
45 9
5 11
43 18
22 34
37 39
50 46
43 28
49 12
28 49
27 24
34 55
20 26
20 6
30 50
16 1
22 10
37 48
54 21
17 30
53 12
24 7
31 11
5 27
19 13
39 2
12 34
46 28
53 11
38 25
48 8
35 32
47 26
5 43
31 5
54 20
21 6
48 4
46 27
35 19
4 10
24 49
25 44
30 44
40 53
21 47
47 6
2 21
31 20
11 38
49 42
55 42
4 28
22 5
40 18
21 53
14 54
38 26
9 51
1 14
25 37
38 34
49 34
18 19
21 17
14 3
33 20
54 47
6 37
21 33
27 42
33 23
12 54
17 48
46 18
53 17
38 19
50 22
41 12
51 46
32 18
20 27
10 54
31 30
28 30
5 39
51 18
6 8
10 55
22 40
27 52
44 55
41 42
30 47
37 43
44 26
49 48
51 41
42 50
1 26
19 11
43 52
48 31
18 38
29 46
15 4
34 54
50 47
26 10
41 19

29 27
16 63
5 19
66 26
19 67
69 31
47 27
46 40
33 6
10 13
10 4
68 60
37 46
28 53
56 66
23 54
23 57
26 21
69 32
4 69
5 62
49 51
15 39
59 60
31 49
38 2
66 47
8 41
53 15
3 57
65 40
55 52
45 30
16 61
33 1
36 66
7 68
19 44
40 37
15 36
53 62
54 24
8 2
20 3
10 39
3 9
55 43
13 57
43 17
34 15
12 16
5 58
4 43
2 17
65 44
1 21
59 68
51 17
23 60
40 17
11 63
20 48
28 68
25 29
67 21
48 1
2 33
35 43
63 69
47 43
51 10
17 41
2 6
12 2
20 4
6 20
30 32
8 52
38 27
41 1
47 28
51 46
48 10
1 20
70 22
14 8
5 18
27 41
37 14
23 15
31 43
29 7
36 40
36 65
23 49
68 36
29 53
55 16
55 47
56 6
4 27
51 28
66 7
44 67
59 47
22 57
35 53
21 68
62 54
60 37
33 5
15 19
50 11
57 41
69 64
45 3
44 6
12 39
57 38
16 66
53 38
5 43
8 37
53 44
29 9
62 39
18 3
50 13
6 64
26 1
47 2
69 54
48 37
10 38
42 22
70 45
6 32
39 4
67 37
35 19
66 32
35 31
54 12
68 34
57 66
33 31
17 42
3 70
57 30
38 16
51 43
6 61
56 2
59 15
11 62
24 15
52 49
68 50
37 9
41 39
4 15
26 49
20 46
55 62
67 15
51 22
49 62
58 20
36 38
54 29
5 29
50 47
2 34
10 55
16 43
42 14
17 60
68 57
4 16
9 66
26 53
3 23
10 50
31 48
62 56
42 65
38 3
50 5
34 45
10 66
28 66
54 44
33 60
54 10
21 35
70 38
41 11
64 48
54 43
70 13
2 59
59 16
3 19
2 1
6 62
30 60
11 35
60 62
46 67
46 23
9 34
13 56
59 46
70 59
17 12
62 33
65 9
19 37
18 55
29 15
8 47
22 34
36 34
12 48
2 22
29 19
6 19
35 29
54 51
34 21
25 55
29 39
62 69
43 8
38 48
69 66
45 27
15 49
28 16
48 14
33 44
40 53
24 12
56 43
7 64
15 54
64 53
30 69
43 62
8 48
64 61
13 68
36 57
50 49
7 39
18 13
41 40
35 45
27 9
30 53
53 52
70 26
34 66
27 33
65 50
63 42
10 32
15 50
44 8
41 52
22 13
13 14
16 14
14 30
64 22
60 29
46 55
58 48
62 36
60 5
54 64
25 62
43 61
30 56
54 22
56 11
19 45
65 19
55 42
15 35
58 38
46 57
22 11
18 64
65 47
9 48
66 27
19 36
62 37
41 60
46 39
59 52
61 17
11 36
41 58
8 3
44 12
20 61
67 4
37 18
63 2
8 12
18 2
1 28
64 11
20 21
67 6
41 48
8 6
41 62
48 27
39 2
39 8
57 24
16 31
47 12
52 22
37 1
56 41
52 48
16 15
36 27
23 16
8 11
32 29
62 50
48 35
5 16
67 35
50 7
56 3
69 41
2 11
40 47
33 65
49 40
49 59
10 44
12 30
28 64
59 4
6 31
30 55
29 30
13 34
2 62
29 61
18 54
20 7
31 26
38 17
27 10
42 38
38 30
5 17
19 49
21 55
39 14
12 37
62 34
5 21
57 63
66 55
57 56
10 42
47 56
68 64
5 66
42 24
39 44
11 3
53 17
30 46
2 66
9 40
3 54
38 65
59 55
10 47
43 65
32 67
28 32
34 27
70 35
67 63
15 56
11 58
40 25
2 49
51 2
24 34
11 20
43 46
46 22
5 55
70 34
14 52
22 29
60 50
39 9
32 4
15 18
42 69
34 20
49 48
70 57
55 12
47 52
42 35
14 61
9 60
17 18
34 57
48 15
2 29
54 56
39 67
36 63
37 34
47 42
52 4
61 36
15 51
5 9
62 22
30 3
15 5
20 62
66 24
23 50
9 62
28 9
42 44
67 28
58 59
68 33
67 45
13 59
46 15
46 27
52 51
52 64
60 58
59 56
45 37
60 55
18 57
37 53
29 10
23 52
23 51
26 16
41 45
57 19
47 11
16 24
24 6
23 56
47 67
8 59
48 32
15 8
2 20
35 38
55 34
32 27
64 44
27 50
53 33
60 36
62 16
19 16
68 20
33 11
63 7
8 22
52 68
13 40
16 50
35 62
11 1
16 18
36 7
34 63
23 39
40 29
58 42
20 60
20 41
47 13
53 61
45 18
19 66
2 70
41 70
10 34
25 3
34 4
38 12
15 9
61 15
24 26
29 3
7 70
48 67
63 44
48 7
37 54
70 36
59 53
19 51
30 34
16 54
58 21
64 43
62 70
13 3
28 21
52 10
30 33
61 31
4 1
66 33
31 64
12 3
30 47
35 64
25 60
9 45
68 24
13 42
12 33
45 24
64 27
40 55
69 39
26 19
25 34
37 22
15 2
20 43
3 24
2 25
14 11
1 9
26 9
64 41
21 4
66 6
52 11
43 25
70 55
58 40
63 51
30 42
57 37
64 37
8 36
3 36
38 54
49 42
45 28
5 31
61 47
42 50
5 37
25 68
16 67
26 7
28 29
59 11
14 2
40 31
70 1
25 59
47 70
20 22
22 67
20 5
60 39
40 68
52 27
28 43
8 65
21 3
64 2
19 10
55 36
7 41
12 62
13 44
19 8
15 37
11 44
22 14
47 21
31 29
34 5
69 19
55 56
57 2
33 32
3 61
31 1
20 57
29 26
70 14
53 14
55 49
67 59
5 49
32 14
18 50
9 70
43 13
42 43
12 1
7 67
10 61
54 17
67 43
49 53
17 13
8 61
46 26
6 3
39 53
20 17
28 18
60 69
37 26
9 54
52 43
26 30
20 59
65 60
50 31
43 38
18 68
1 67
59 6
19 2
10 35
18 52
39 3
20 28
64 16
39 48
14 38
24 11
31 59
40 64
68 43
39 5
54 39
29 69
56 19
67 13
18 4
55 39
33 37
4 66
28 61
53 7
19 23
48 68
47 46
36 2
67 64
57 55
47 9
41 34
4 36
31 38
5 30
54 28
5 65
9 23
15 6
35 49
44 32
49 7
61 48
42 32
22 1
63 24
47 22
52 16
54 55
63 54
54 8
2 30
49 13
39 18
33 35
37 23
49 64
32 22
3 22
18 1
66 65
30 22
57 69
12 70
21 56
36 26
3 62
45 22
18 48
51 35
70 44
15 57
63 70
1 56
56 27
66 8
14 51
41 68
4 68
37 38
44 36
5 56
69 11
70 6
24 1
41 12
4 65
25 69
38 22
19 41
8 16
47 48
46 62
21 31
66 50
17 14
42 6
11 42
1 40
47 23
47 35
48 13
3 50
48 29
15 38
13 9
8 67
53 6
61 56
17 66
46 41
1 60
40 52
53 66
35 68
47 34
47 53
69 21
57 51
38 9
49 36
37 59
25 70
13 19
10 30
58 27
33 8
64 12
56 39
68 70
56 9
33 40
52 17
1 16
15 60
3 4
66 18
51 36
30 54
11 48
16 44
29 51
13 21
32 43
25 36
26 56
19 7
34 69
32 57
66 63
5 24
22 63
43 66
31 10
16 65
58 63
19 39
10 68
13 24
66 46
28 70
60 42
34 26
57 44
4 30
68 62
13 31
6 40
57 11
35 20
25 53
68 19
68 31
51 53
8 5
37 11
9 33
26 39
39 37
68 45
51 27
30 15
21 62
10 17
3 43
43 15
4 23
25 7
36 22
70 37
62 13
38 20
61 46
25 11
13 69
57 21
52 69
64 63
1 51
62 28
41 26
45 40
55 9
70 32
70 65
32 2
28 24
65 58
18 51
34 38
30 63
65 64
46 5
41 21
25 15
20 8
44 48
41 35
38 51
42 7
7 21
51 48
60 45
13 32
49 1
35 17
26 54
70 10
39 35
26 59
48 59
7 34
27 12
1 7
43 21
5 52
36 64
24 56
37 47
12 61
56 20
18 10
32 59
14 26
31 41
26 6
21 46
64 17
14 36
27 57
40 63
67 2
65 35
63 17
36 13
16 2
42 19
56 7
19 47
4 49
52 20
11 38
25 10
6 41
12 9
24 21
32 60
37 50
5 7
49 10
2 44
6 34
43 26
40 11
28 23
8 42
27 35
52 57
1 58
30 6
23 69
45 69
25 16
10 23
43 18
2 24
29 50
60 63
46 1
15 12
54 31
29 41
23 36
17 44
61 69
12 57
7 24
51 32
8 4
66 23
8 58
5 28
59 21
48 2
68 29
47 4
59 57
32 52
50 28
10 11
13 61
47 32
47 54
37 29
19 33
46 50
2 28
34 53
59 28
58 39
31 34
65 59
33 23
70 56
12 49
61 67
21 29
30 35
42 18
4 31
50 48
21 11
33 49
69 35
43 12
45 33
59 54
22 10
46 65
50 59
62 44
30 21
58 52
53 56
31 70
33 18
60 66
47 62
6 54
45 46
65 39
14 58
27 20
45 58
13 20
36 52
22 53
48 4
30 18
37 63
19 25
49 70
37 35
61 35
20 64
46 24
17 24
52 33
56 4
43 33
17 69
14 34
36 59
28 48
28 38
22 66
23 14
29 43
32 26
60 19
70 4
22 25
58 9
42 54
62 32
23 35
55 13
58 47
37 36
55 2
43 34
55 6
14 6
12 50
41 28
36 46
2 41
5 57
38 7
5 42
16 27
41 14
8 9
1 15
40 2
3 59
40 18
20 40
69 24
13 66
1 50
42 27
58 31
58 51
35 44
68 51
19 43
43 49
57 35
37 10
22 21
15 14
13 4
10 3
24 29
45 50
34 52
30 1
24 44
57 61
60 12
68 30
2 7
38 61
19 20
23 55
55 17
44 30
64 21
26 35
44 26
37 68
52 21
43 40
15 26
25 44
54 1
19 28
31 27
39 49
3 67
54 50
40 69
27 22
55 69
67 12
4 9
58 35
52 60
42 57
67 36
30 11
22 58
16 6
35 6
25 67
4 61
10 36
57 16
26 62
24 32
63 10
35 52
27 8
3 7
13 45
35 34
31 12
33 61
52 3
16 37
27 25
59 34
28 3
52 44
29 64
31 14
30 58
40 23
17 58
19 70
62 63
7 69
43 58
68 61
60 38
3 48
31 20
18 9
60 24
24 62
15 68
3 15
21 19
31 57
67 26
38 41
47 69
54 34
42 46
65 23
26 12
19 40
33 24
11 67
19 61
18 63
9 6
21 36
9 19
63 21
32 68
20 37
63 52
61 55
40 10
16 36
31 42
10 9
29 45
7 13
65 37
21 10
12 35
62 59
15 11
66 40
5 6
21 32
33 4
21 70
20 44
53 48
41 24
69 8
45 17
70 15
12 69
7 46
14 24
66 54
24 23
27 28
60 43
57 48
46 68
34 40
29 44
61 18
28 55
48 69
59 7
6 49
31 2
62 1
4 41
63 15
65 14
16 40
64 45
40 30
33 21
38 40
20 63
20 47
70 20
29 58
10 64
31 7
69 26
54 4
26 4
44 40
6 48
1 66
14 47
13 5
68 23
6 1
37 3
45 55
52 29
61 39
37 44
27 54
45 59
13 2
19 4
23 42
53 46
44 28
65 52
28 35
32 41
64 59
48 16
35 56
65 25
5 26
60 48
49 47
38 68
10 45
13 29
66 45
18 65
12 28
50 33
58 70
18 59
66 62
9 36
54 25
24 53
23 32
58 12
50 40
39 68
4 28
65 15
34 67
20 29
9 32
10 26
62 48
55 53
14 50
33 42
34 65
26 50
22 39
28 8
41 9
62 18
68 63
55 14
22 15
6 25
25 42
62 67
59 69
68 66
6 13
39 33
14 3
24 4
58 66
9 42
20 36
30 49
29 56
6 38
5 47
36 43
23 61
38 63
48 17
59 40
62 57
68 55
18 41
25 20
44 60
36 28
7 45
14 19
5 25
33 26
48 43
53 63
36 30
27 53
31 17
4 60
47 57
4 44
50 53
20 30
10 1
14 18
10 60
64 56
55 19
24 22
65 55
49 65
40 21
17 9
36 1
61 7
66 25
66 44
4 51
44 34
67 20
54 70
28 63
6 57
60 7
55 38
45 4
30 7
50 69
32 34
28 6
9 61
39 47
54 2
48 55
38 18
7 57
3 27
63 55
16 49
63 61
16 53
42 70
48 25
51 44
53 11
68 5
41 16
36 50
53 13
70 5
69 6
4 17
28 11
5 14
25 64
70 17
40 5
3 35
19 38
16 34
65 6
7 12
51 55
46 4
40 61
14 29
63 35
24 19
1 5
56 12
69 38
38 23
69 46
26 11
4 5
41 59
34 61
7 54
27 21
35 55
40 28
17 11
56 28
66 61
64 39
11 39
23 70
54 49
10 57
62 15
60 51
7 37
62 10
3 17
30 43
53 2
53 23
10 33
34 56
18 24
16 22
66 42
3 49
41 54
60 34
36 56
10 16
61 22
16 47
10 2
41 22
20 9
14 68
27 26
70 30
36 12
33 48
55 58
51 5
57 33
41 3
69 18
6 27
30 27
42 12
11 66
46 58
23 59
25 18
69 56
13 51
32 36
49 21
39 66
44 7
29 11
53 4
35 14
5 48
10 46
13 64
18 26
14 7
32 37
24 31
63 3
46 17
42 2
66 20
17 29
32 50
6 7
25 1
49 20
63 56
16 39
32 8
41 67
49 9
29 70
7 28
38 4
11 34
62 23
50 8
66 37
58 67
21 14
45 14
13 65
1 29
33 46
49 68
49 46
67 30
45 52
25 31
48 46
18 56
37 24
8 21
60 46
1 34
45 65
65 53
42 20
63 31
34 46
38 59
26 58
52 13
8 34
65 3
27 23
24 59
30 9
53 21
15 33
10 7
53 31
45 20
29 4
24 50
53 60
61 58
17 49
45 51
47 24
36 41
59 10
50 39
18 22
66 31
56 50
37 2
22 6
62 14
51 42
5 38
9 31
66 35
10 24
59 1
51 25
26 52
26 28
42 48
17 34
52 54
46 32
34 48
63 43
32 31
7 18
3 40
19 17
39 32
47 25
27 17
67 23
8 7
11 68
39 13
35 40
53 10
53 18
8 57
49 22
1 42
57 29
15 10
26 40
12 63
39 57
15 17
53 58
41 63
51 70
33 17
29 42
36 45
49 27
47 44
39 21
53 54
69 2
53 5
67 52
31 55
43 53
28 33
52 37
16 46
56 42
46 56
66 30
68 27
61 1
17 67
49 28
59 17
42 4
57 26
22 28
36 54
19 52
61 51
43 7
5 27
17 1
13 37
9 63
56 10
16 51
52 2
30 28
6 18
4 58
21 16
4 11
33 69
65 32
50 6
65 61
54 48
13 25
35 1
39 1
58 13
35 60
8 1
50 63
54 58
7 32
61 59
15 64
59 43
28 13
56 65
58 24
46 13
11 70
3 46
15 66
27 2
67 27
62 51
27 43
35 54
70 53
46 25
26 25
34 51
29 33
3 32
14 64
19 59
23 34
49 24
42 34
23 48
40 60
20 24
10 12
25 61
41 5
23 25
51 9
22 17
21 44
10 41
21 50
27 60
61 62
67 40
44 1
26 42
2 26
39 70
33 22
51 21
22 19
62 52
33 16
11 31
63 39
25 57
11 13
35 7
22 40
62 30
44 41
37 61
9 25
5 3
58 15
57 53
11 19
60 2
12 40
8 13
25 41
26 8
66 12
16 56
27 39
43 6
31 15
7 17
21 38
56 31
34 39
17 37
32 11
68 17
56 40
33 67
64 34
20 32
16 70
50 34
5 23
33 70
7 47
59 14
63 33
55 27
45 15
65 24
60 11
37 6
32 25
14 9
66 67
56 44
7 33
19 34
59 51
70 66
22 59
21 18
36 69
68 47
20 53
39 45
16 60
29 36
57 9
45 63
31 22
31 39
1 19
15 42
39 6
19 48
62 17
50 41
17 36
56 52
51 67
15 7
15 55
37 41
4 63
54 46
3 33
67 53
30 8
66 48
37 31
2 21
20 15
51 47
22 48
61 21
15 52
23 2
18 60
45 47
25 49
18 11
17 65
49 63
19 62
44 23

12 48
18 54
4 70
4 12
80 49
42 16
38 36
54 20
68 43
50 64
51 9
13 48
62 11
62 15
35 73
17 58
38 76
61 60
60 20
63 64
6 33
2 40
60 18
71 25
13 70
64 10
74 1
30 41
55 59
59 66
44 11
66 22
10 76
27 59
80 21
63 72
44 68
43 76
13 45
24 37
73 59
16 47
48 46
78 49
19 27
9 65
38 42
45 44
63 71
78 37
7 25
47 34
64 46
30 9
38 26
31 6
80 22
56 36
76 56
37 45
76 14
36 47
15 64
70 45
80 1
25 15
51 26
47 48
51 46
32 60
11 54
39 13
59 16
38 43
66 21
40 13
67 78
59 22
67 75
66 68
73 29
18 44
66 25
63 35
17 59
65 18
49 64
41 76
51 68
12 70
65 31
75 59
80 30
31 57
6 73
25 78
67 71
54 63
50 66
51 55
21 65
62 30
33 62
31 46
18 80
27 53
59 60
23 3
17 74
39 47
53 34
18 68
28 16
52 47
63 79
60 35
21 10
53 1
10 14
71 75
77 58
61 14
51 37
44 25
10 40
19 30
55 7
14 13
47 21
30 46
9 19
52 31
34 31
34 61
52 35
23 58
53 58
74 56
44 55
62 71
41 47
65 12
77 49
54 70
4 16
36 74
72 78
65 37
67 19
74 52
62 44
6 54
14 79
2 51
37 8
1 62
7 36
66 73
50 47
60 34
31 69
70 34
1 68
74 78
62 23
53 2
74 27
79 69
11 75
69 13
70 77
63 37
25 67
4 2
26 42
37 33
3 68
8 23
31 78
74 51
22 53
26 8
18 79
50 27
16 3
21 11
33 51
13 25
21 29
4 7
41 1
17 14
27 77
72 22
46 5
71 39
70 14
27 1
43 59
6 69
56 8
24 13
49 41
72 16
22 16
17 4
56 32
26 43
16 46
20 3
58 45
76 55
2 10
22 14
36 54
31 17
80 10
45 35
11 23
28 54
43 11
58 4
43 36
3 74
32 43
79 80
50 17
3 4
13 27
8 31
61 11
73 65
46 44
49 45
79 53
18 59
59 47
7 60
53 76
31 56
48 70
75 30
69 47
7 56
22 38
75 32
38 77
19 23
65 55
70 55
49 35
15 20
60 11
61 52
5 22
61 70
8 34
75 15
41 59
21 35
32 9
42 31
51 45
31 32
41 64
14 78
36 49
78 44
5 33
52 66
67 56
2 13
74 26
48 66
18 61
24 55
50 53
15 24
77 64
55 72
71 30
79 5
44 63
47 66
21 39
4 72
17 10
24 50
74 66
45 28
11 34
64 45
74 65
69 39
52 44
44 12
41 16
61 41
67 24
49 71
70 23
9 60
41 37
45 4
63 22
73 53
37 44
10 27
7 28
4 67
20 38
4 39
77 78
34 28
77 35
22 52
64 32
20 39
25 23
32 30
36 68
69 40
54 66
44 16
32 10
21 23
44 1
7 48
14 77
29 53
26 15
5 72
12 63
7 33
2 44
7 19
41 17
2 38
3 33
62 73
79 51
78 42
46 18
79 23
63 59
9 15
51 27
31 58
21 7
1 59
22 3
6 11
27 3
20 1
4 6
53 47
61 35
65 49
68 76
55 77
53 39
38 18
24 61
53 59
80 11
41 3
48 69
10 4
45 27
70 31
75 39
13 21
24 72
33 2
40 41
30 48
5 56
4 18
39 60
39 80
23 12
34 22
3 42
7 34
72 25
9 14
72 70
7 67
63 17
30 36
75 13
42 4
44 76
38 64
14 36
21 25
30 57
27 24
44 70
62 64
75 72
46 52
37 35
21 68
30 68
67 28
46 68
44 21
39 24
22 35
4 41
58 44
8 29
48 56
50 63
28 37
60 5
37 30
47 3
36 78
69 72
59 42
76 33
28 18
80 9
52 63
43 70
45 74
54 13
46 47
1 71
78 21
32 24
52 5
62 53
17 3
42 36
32 6
10 22
65 35
74 24
56 51
39 66
55 13
80 51
20 76
71 3
79 55
46 43
13 66
45 59
79 74
45 29
50 45
66 64
54 46
78 62
66 38
24 6
63 3
4 54
40 75
43 40
56 27
38 70
27 42
69 80
53 15
71 77
78 28
77 34
74 69
27 80
13 26
45 36
46 59
20 44
62 59
48 36
33 31
34 30
22 32
58 64
15 48
37 14
78 50
70 37
55 52
30 17
2 11
13 18
17 39
50 62
44 34
25 18
60 27
4 63
72 67
52 11
46 10
42 70
76 19
60 10
67 46
57 43
75 8
3 2
40 33
26 32
11 26
69 19
32 40
41 66
58 75
23 64
21 61
58 56
72 3
9 17
16 63
55 49
9 76
14 39
75 37
27 9
25 28
28 10
56 61
11 58
48 77
78 73
77 80
49 37
68 26
43 54
58 52
15 63
70 49
16 58
58 70
80 62
33 74
9 52
52 38
45 32
76 54
1 65
79 57
1 66
64 22
23 72
31 63
80 8
14 49
45 8
31 36
2 80
10 7
37 43
42 69
58 49
5 78
39 45
6 12
59 49
63 32
80 57
53 77
30 6
62 2
49 16
57 40
63 14
50 22
28 11
3 48
32 73
30 78
77 16
49 32
68 33
64 78
13 29
61 29
31 4
18 74
2 30
78 41
11 20
6 74
76 32
64 74
5 51
44 53
20 19
72 19
44 17
7 78
41 74
13 63
46 14
71 4
12 27
15 37
12 66
3 18
56 28
73 10
63 51
70 78
64 11
37 54
28 73
40 70
61 36
25 65
42 47
76 58
80 31
60 41
42 73
18 51
33 8
46 78
27 29
78 63
60 12
52 34
61 65
18 23
33 75
1 7
71 27
3 11
22 19
62 20
59 9
14 12
35 43
23 9
42 76
6 80
66 7
69 62
66 78
32 66
20 35
74 42
79 2
51 78
19 40
70 80
79 25
65 16
22 71
63 8
41 7
33 12
29 63
37 16
22 79
77 31
73 41
31 10
65 29
71 73
10 26
55 66
58 79
60 50
75 4
31 55
71 59
61 53
35 18
54 22
12 37
56 39
47 43
9 61
66 15
30 25
71 68
60 69
36 28
21 46
4 50
23 34
14 5
24 69
77 12
52 45
60 80
73 47
11 14
11 12
57 23
37 57
78 10
21 56
29 36
38 13
77 67
65 50
3 13
7 71
20 24
65 6
26 27
54 17
30 65
26 33
75 41
43 58
68 64
31 50
53 38
20 70
70 19
65 40
28 50
38 71
67 30
48 53
8 53
30 39
5 28
79 73
71 34
17 75
55 8
77 56
70 29
66 72
14 75
69 77
23 65
65 27
9 1
8 16
10 24
1 12
57 3
36 50
62 35
64 7
4 35
21 6
62 41
44 73
31 27
12 7
41 79
28 44
54 58
40 44
34 6
47 33
1 34
55 4
2 29
11 33
66 36
11 41
70 11
34 33
27 46
23 6
53 9
52 76
71 41
22 9
29 56
29 51
51 58
80 53
67 39
8 47
37 48
50 43
56 24
53 5
18 41
51 59
55 11
15 32
62 38
1 69
67 16
44 77
40 66
76 27
22 65
48 67
39 12
69 37
69 54
77 61
24 65
28 14
58 26
73 30
52 7
55 58
54 79
14 58
78 33
68 5
43 8
8 40
48 20
72 62
13 61
51 50
26 79
32 14
78 8
14 15
62 18
17 34
30 7
55 39
13 79
35 79
77 66
25 76
24 1
50 34
16 29
13 57
47 56
72 51
10 71
60 21
66 56
21 43
62 7
22 73
39 63
64 80
33 63
52 68
21 9
42 72
57 53
59 10
56 33
17 22
46 38
58 35
27 62
28 55
48 21
65 10
3 39
2 58
1 19
74 77
59 52
73 11
79 56
80 28
23 47
57 34
14 52
1 70
34 25
70 33
24 3
12 16
8 64
40 55
29 68
7 23
20 66
46 73
22 57
45 46
24 62
63 28
56 9
75 38
34 62
60 37
50 55
54 25
26 65
33 67
15 70
30 16
28 23
19 53
47 15
9 50
53 7
45 61
31 5
48 5
9 48
67 62
22 69
47 57
49 62
30 76
13 28
23 36
10 48
42 45
47 17
28 71
79 27
77 79
56 11
25 16
6 7
26 30
46 40
4 57
39 22
53 16
26 21
56 41
65 33
78 59
69 68
76 48
47 54
42 33
5 64
1 49
75 21
54 16
69 59
57 6
6 66
41 55
9 77
66 42
18 64
63 18
54 12
39 34
41 33
53 24
56 71
24 79
66 67
73 60
36 80
5 66
23 67
30 1
19 66
46 20
14 43
7 70
13 15
69 66
77 26
24 2
37 19
7 47
21 79
12 74
10 18
19 65
51 30
3 14
19 80
25 38
42 39
21 59
1 52
65 62
32 19
17 62
43 61
59 3
10 69
28 2
68 4
41 19
35 54
7 42
33 55
63 65
80 15
66 61
55 80
15 33
74 11
13 68
14 40
29 59
56 6
64 3
78 26
28 32
17 37
5 65
71 37
65 71
64 28
57 77
79 6
2 60
16 68
22 1
27 48
16 78
3 25
47 76
29 39
60 76
6 26
58 13
9 8
25 36
12 15
16 76
77 52
48 60
65 51
27 33
73 70
44 35
76 35
65 11
34 15
10 51
42 32
49 68
25 35
52 37
10 30
69 3
76 4
55 6
2 48
5 55
3 8
61 57
70 10
51 21
76 5
35 31
49 29
72 6
33 23
69 15
32 37
8 71
13 65
42 56
37 5
33 20
54 41
18 49
26 2
34 38
70 5
62 26
7 11
54 42
16 32
9 35
38 78
79 50
79 19
22 49
58 27
64 20
34 67
25 26
37 3
43 65
43 66
9 2
58 74
41 57
67 51
60 46
51 17
59 14
22 29
23 15
25 49
65 48
29 18
19 58
18 9
45 60
49 47
38 27
39 38
1 6
67 2
63 57
73 37
50 71
79 30
54 14
17 56
58 66
72 46
69 49
66 16
44 6
29 3
56 80
67 55
2 47
3 7
26 40
31 21
45 65
58 8
52 20
71 26
34 14
27 30
13 41
43 10
76 67
1 46
61 25
36 27
46 4
73 34
71 12
14 21
77 72
59 58
21 30
40 3
25 27
51 1
12 28
67 22
52 10
32 1
11 25
46 63
47 25
60 14
80 52
50 80
37 26
30 53
68 45
77 39
21 3
76 70
49 24
53 60
17 78
78 1
9 3
20 12
17 20
50 12
76 65
62 10
46 42
33 54
62 46
51 12
38 23
14 18
57 8
67 59
45 11
21 18
29 4
32 59
60 70
34 35
49 74
4 62
36 77
16 17
13 34
39 25
38 16
38 58
54 29
54 65
12 35
69 73
28 59
8 28
44 42
8 27
29 24
21 70
68 77
21 37
73 8
29 46
51 16
37 68
37 31
45 24
44 19
39 51
30 5
13 4
43 18
44 51
69 64
38 67
22 40
39 28
75 79
58 48
1 2
78 56
77 25
27 67
39 27
27 63
49 6
32 4
71 79
23 49
25 50
31 12
72 41
19 55
68 14
13 73
51 11
23 51
19 71
29 50
27 41
35 64
74 35
80 14
35 7
38 32
38 50
53 78
62 48
45 1
10 9
5 58
7 44
12 3
7 13
75 27
23 54
47 62
46 70
8 39
26 18
29 33
31 16
44 29
61 80
24 31
68 70
80 37
57 72
28 61
75 24
46 28
36 55
39 46
70 8
24 14
62 57
40 78
38 40
17 2
21 52
54 68
47 9
27 54
78 52
39 79
21 42
69 11
28 9
9 72
68 56
43 77
15 54
16 73
28 19
28 4
53 69
50 75
1 3
60 58
7 16
3 36
21 19
80 76
67 35
52 65
28 20
69 32
52 16
24 51
76 8
22 20
34 12
77 21
55 54
16 15
34 40
20 79
56 18
19 24
53 11
78 54
74 76
29 69
54 26
6 36
79 15
63 53
47 67
54 67
36 24
59 80
33 14
42 12
58 72
80 68
45 69
50 49
43 75
64 17
47 30
41 52
9 75
3 26
55 78
63 61
42 51
12 46
30 49
38 19
27 78
78 24
33 28
68 53
36 46
33 19
21 62
45 71
42 61
44 74
63 2
42 63
37 61
13 74
80 54
35 26
42 30
20 23
70 18
25 68
64 79
4 38
79 44
65 53
13 47
9 71
54 30
59 37
5 63
53 55
51 47
78 69
80 3
66 4
5 21
43 29
42 55
49 73
9 42
59 33
15 5
30 44
75 54
36 67
18 53
3 38
51 13
74 9
65 69
35 36
7 26
10 58
14 38
50 14
79 78
72 68
39 61
23 22
53 67
17 8
60 43
75 28
42 68
13 72
76 78
48 42
30 3
5 7
10 77
1 15
58 46
25 59
29 77
80 7
9 43
47 6
56 4
27 70
57 33
47 26
27 73
69 2
50 44
49 33
15 4
33 38
2 49
66 76
17 71
55 34
50 76
51 66
37 53
18 19
9 67
7 61
41 46
72 76
67 5
48 18
15 43
15 35
1 17
11 8
45 80
50 10
28 27
6 58
33 30
44 24
56 23
22 18
19 51
52 64
54 40
33 71
1 72
47 77
29 52
5 50
80 58
48 34
11 22
64 36
18 78
73 40
36 13
20 51
19 50
62 14
64 71
11 38
8 10
77 13
18 16
44 32
47 64
75 18
40 18
6 22
48 29
5 17
50 23
31 43
71 80
48 1
61 30
2 56
50 41
20 40
10 37
59 12
29 11
46 57
40 29
59 30
38 21
35 80
49 61
20 27
12 69
80 42
31 38
50 32
75 19
58 68
5 32
58 33
16 79
49 28
11 68
56 25
20 18
32 53
19 6
2 52
49 10
23 71
70 51
58 39
58 32
27 14
64 39
49 3
42 11
48 17
55 12
12 38
21 8
50 54
64 48
3 55
30 40
60 78
35 75
24 22
29 25
21 64
66 57
32 27
69 71
74 59
70 47
48 71
20 2
12 25
24 7
7 69
80 26
32 71
8 69
63 49
32 68
77 18
61 69
35 5
8 6
1 31
53 3
35 11
75 77
33 52
26 29
74 39
58 9
34 75
8 41
21 69
19 39
69 16
15 65
46 61
57 60
19 2
51 15
39 73
52 19
80 47
68 35
57 17
36 60
55 14
67 20
57 44
63 70
28 60
55 71
23 48
56 26
39 11
56 54
29 31
66 11
27 16
17 13
43 62
60 71
68 27
44 22
68 10
71 36
53 17
67 40
23 42
31 53
50 13
69 4
53 46
77 73
15 39
11 1
22 46
44 47
48 40
34 37
68 17
29 10
8 30
48 43
1 42
31 60
31 72
75 56
43 22
21 49
49 8
26 59
31 67
13 5
12 47
40 68
20 13
51 41
39 37
64 1
15 36
75 7
69 52
66 60
4 34
25 33
54 10
20 8
16 75
65 72
6 27
20 80
70 64
66 17
66 2
39 72
63 25
9 5
2 46
73 36
9 39
57 58
22 62
80 17
79 4
36 70
31 11
25 1
41 38
20 26
18 45
17 55
48 28
20 73
26 4
67 73
16 26
3 76
47 61
31 79
46 13
45 31
39 76
6 61
74 70
41 43
57 68
3 66
38 73
55 16
22 61
18 6
30 18
74 72
79 8
12 21
26 9
57 67
71 16
29 20
74 38
36 69
74 75
71 61
64 57
6 59
47 72
48 59
64 60
57 70
72 44
15 2
72 59
35 55
66 71
30 15
4 64
52 79
42 64
10 5
5 44
62 66
62 52
75 20
73 68
35 51
18 17
58 12
2 74
20 31
76 13
52 73
5 4
70 3
15 58
63 7
53 6
80 63
2 36
42 60
61 1
68 78
13 30
10 42
46 56
16 43
77 8
36 34
8 35
29 79
65 80
25 40
65 47
8 24
28 72
73 25
2 45
3 43
2 6
17 33
37 7
26 57
77 24
14 30
13 32
38 44
55 43
51 48
18 69
71 20
11 71
36 51
15 3
23 24
31 15
47 11
77 3
52 48
71 2
36 52
56 3
64 24
74 8
12 17
10 20
74 10
47 28
67 18
26 64
56 12
60 16
23 78
3 44
29 41
40 11
65 20
66 14
40 56
30 72
75 65
54 2
51 3
26 14
7 17
80 46
36 11
58 1
30 74
73 31
58 18
31 26
4 48
7 27
3 78
6 43
2 72
58 22
15 21
57 59
36 8
47 74
47 20
41 77
59 50
19 29
80 5
75 80
76 77
22 27
16 40
9 16
65 8
60 38
21 73
1 26
15 68
71 70
73 4
79 68
57 16
6 63
50 46
64 29
24 5
41 58
40 9
31 18
63 20
1 10
56 30
64 53
14 1
76 61
39 57
41 15
8 14
16 36
38 48
24 48
46 24
32 70
61 16
66 46
8 48
77 28
74 61
18 66
42 58
74 29
29 66
43 7
60 8
64 14
40 42
40 6
37 67
67 1
51 69
22 47
18 73
2 8
33 21
56 15
73 24
67 74
41 10
67 26
42 8
2 78
22 78
41 68
80 72
12 80
75 3
54 24
49 43
11 49
58 37
54 57
29 57
56 60
67 10
16 11
23 74
67 52
62 51
4 30
17 35
62 79
6 77
4 47
36 65
8 1
54 77
58 28
41 67
13 12
67 11
16 35
40 35
12 2
61 79
64 37
72 45
36 9
16 6
20 45
3 32
55 61
78 6
73 57
33 4
61 31
25 6
79 72
13 60
60 68
61 44
12 36
55 15
54 7
37 66
74 54
6 17
70 9
17 77
77 5
52 32
29 67
15 8
64 30
74 50
43 69
26 66
75 31
10 53
19 57
51 38
71 35
70 62
69 44
16 34
33 44
70 28
62 29
66 65
43 80
2 50
76 79
78 45
46 49
57 1
2 39
59 38
10 61
19 43
35 53
72 12
45 62
56 19
31 14
79 43
80 74
37 77
20 49
77 19
20 68
52 25
21 63
28 29
44 23
13 67
73 19
77 32
24 25
27 64
7 46
30 60
1 76
9 38
40 4
17 36
5 29
39 35
50 58
12 26
63 38
50 68
40 49
22 8
22 45
25 14
75 47
21 4
15 7
39 18
60 26
30 50
15 10
13 19
24 42
72 54
56 13
30 11
42 62
67 32
32 47
14 35
59 77
44 56
38 24
14 16
39 62
44 59
29 12
24 76
18 33
64 34
10 19
35 46
24 58
23 61
34 5
5 61
47 24
38 47
13 78
61 75
49 17
57 11
49 67
9 37
28 30
38 8
72 8
46 8
8 19
50 11
6 28
41 80
76 12
73 48
40 15
7 2
30 12
13 9
5 47
29 71
14 48
16 39
7 38
7 57
35 38
60 25
56 49
70 56
43 73
38 17
47 79
2 41
37 76
79 42
14 51
48 45
55 60
56 65
18 72
31 47
48 55

22 65
69 62
79 66
88 39
88 13
53 100
4 61
80 85
30 61
46 53
42 41
82 98
22 53
87 36
21 30
44 10
10 25
38 51
7 86
70 66
50 19
36 56
91 100
81 21
20 76
73 79
33 31
21 7
33 46
7 64
49 4
73 98
51 57
41 6
79 56
84 70
4 9
78 89
29 4
43 93
54 59
70 55
57 55
72 59
62 55
48 59
33 47
80 60
52 40
75 43
24 40
40 60
12 4
28 97
61 27
95 40
78 29
18 5
33 81
34 8
81 59
26 4
87 100
76 69
86 43
32 86
77 80
40 10
26 71
15 39
95 39
77 99
3 38
4 30
96 97
21 90
72 56
15 29
10 49
32 24
25 67
75 96
39 49
12 42
59 37
64 63
6 73
36 95
59 16
94 95
75 87
36 1
16 37
62 14
38 77
74 71
9 47
16 54
99 84
6 46
82 34
88 25
83 81
42 40
2 69
42 43
69 48
13 96
64 31
2 58
18 99
9 10
86 47
38 42
85 39
8 79
82 49
76 53
1 7
11 93
57 15
54 87
63 89
35 51
15 62
40 57
4 55
82 27
73 71
73 32
35 19
18 70
28 33
18 26
18 49
17 8
18 55
22 27
60 52
8 89
88 90
50 9
26 100
44 1
43 36
10 98
51 58
71 51
47 77
28 61
8 49
45 15
40 39
8 30
71 63
55 30
45 2
72 71
7 68
65 88
24 10
8 23
96 12
28 17
34 96
18 21
69 43
73 61
19 38
6 53
35 18
78 46
77 40
14 39
75 69
33 65
72 16
7 45
76 10
10 86
54 25
67 58
88 82
41 64
85 46
31 61
22 61
72 95
15 12
72 19
89 76
19 79
71 17
22 88
96 14
15 55
6 21
35 15
23 52
48 74
41 55
77 11
31 28
68 20
81 96
9 39
32 64
18 40
13 90
26 74
3 69
26 2
53 99
89 79
15 8
30 7
14 7
55 8
69 42
86 95
56 59
37 81
73 17
26 80
93 75
65 70
14 16
24 34
52 64
99 28
68 81
97 5
87 47
95 49
35 96
94 15
45 23
72 25
63 5
19 54
70 77
1 31
57 56
71 55
97 14
29 11
11 44
85 23
18 64
39 75
82 46
90 27
88 54
80 65
32 88
61 20
87 90
99 69
82 71
58 66
37 33
62 23
5 9
35 44
33 15
69 80
19 85
39 84
93 50
63 62
1 57
1 100
36 30
97 63
81 89
88 76
73 9
61 29
34 84
8 58
51 66
52 3
9 49
28 8
33 45
92 20
14 27
10 54
53 2
11 68
32 56
9 70
96 86
99 38
57 71
92 31
12 87
42 51
74 82
15 10
42 17
2 78
80 84
30 70
25 93
96 58
39 1
55 97
84 79
15 11
27 20
69 4
82 12
93 47
29 83
87 34
96 1
78 75
34 86
38 26
58 16
33 64
1 3
20 41
21 72
18 62
43 87
16 15
67 48
80 2
38 68
71 43
100 60
72 4
16 46
22 9
43 99
34 26
4 53
36 75
95 68
13 91
58 19
87 85
22 12
28 26
37 7
57 3
92 45
57 4
51 86
65 66
92 83
98 56
66 40
42 82
75 56
55 25
18 100
45 59
49 24
47 100
63 15
78 16
15 81
8 96
63 38
10 28
48 21
72 97
45 48
1 5
92 60
83 4
82 19
21 49
23 25
53 92
35 26
68 14
27 4
89 32
91 29
86 1
77 39
6 7
4 90
35 32
51 22
64 100
72 43
58 50
22 44
3 67
93 15
33 17
46 42
15 41
58 53
6 88
83 26
83 54
6 68
76 59
80 91
40 56
57 87
70 14
28 18
66 7
20 31
17 48
26 49
54 96
36 7
28 2
80 53
13 5
100 94
53 83
5 16
33 14
52 7
44 21
80 43
42 13
16 23
36 41
34 83
20 4
93 84
80 18
100 70
18 74
80 64
27 78
54 100
37 24
6 16
58 85
35 13
53 39
57 23
47 12
4 62
55 96
31 85
15 50
98 81
82 6
36 52
58 44
28 36
91 85
96 23
82 61
43 92
24 45
24 52
65 31
62 68
75 57
65 77
24 7
39 47
94 84
30 77
21 3
86 88
32 41
40 75
58 56
36 33
39 54
96 82
11 51
51 31
47 5
53 57
91 92
50 94
7 96
38 97
37 65
24 66
70 8
61 38
30 15
88 28
84 62
34 61
14 76
57 92
15 92
48 8
80 98
95 64
79 26
93 73
62 29
85 96
43 70
100 52
67 20
69 16
42 56
30 84
48 12
60 61
60 64
83 31
42 54
29 60
24 38
83 17
71 4
53 38
61 66
36 79
24 17
69 78
80 6
78 54
10 13
71 37
77 89
87 21
24 26
75 52
44 30
32 19
75 98
82 63
17 66
41 29
60 36
32 51
34 25
74 80
83 63
31 73
12 59
5 85
66 82
79 80
84 76
44 90
57 49
69 45
86 78
29 52
81 23
91 10
54 9
53 26
12 2
27 66
12 57
77 50
52 89
20 57
20 29
68 31
36 64
84 25
69 85
34 52
56 38
23 9
23 38
78 44
2 70
20 23
88 18
42 97
81 43
63 57
5 99
94 55
16 45
43 27
74 38
34 6
24 46
19 96
68 92
1 29
58 93
66 84
59 93
50 70
66 48
92 2
89 59
70 86
11 4
1 64
99 80
78 28
13 74
90 35
52 39
34 100
75 16
20 90
42 94
92 71
72 45
93 86
68 47
58 12
15 85
91 94
78 21
39 57
52 95
42 34
13 12
90 36
82 94
100 22
65 5
35 9
33 82
68 23
42 93
97 62
34 21
60 28
58 80
78 66
28 1
28 65
39 46
90 29
37 90
32 8
80 13
36 44
40 73
9 46
49 27
86 83
81 85
47 36
33 30
25 50
22 28
33 90
88 9
74 36
55 53
64 61
40 19
2 7
37 84
32 1
57 60
61 32
4 91
79 38
30 53
38 98
78 18
77 41
65 81
16 19
89 42
17 6
90 3
20 52
36 22
33 75
50 35
11 53
21 40
89 3
19 9
25 98
75 58
3 14
65 17
79 55
32 81
70 16
2 41
63 60
85 8
46 73
33 83
80 81
85 21
95 54
36 66
56 16
98 16
15 3
96 26
60 48
17 43
62 21
67 40
61 7
34 60
84 61
63 73
89 15
84 2
49 60
48 57
65 6
99 47
34 58
21 4
79 87
78 5
51 23
33 66
29 34
5 23
87 14
66 60
68 77
66 95
96 40
12 14
58 47
42 74
97 35
55 82
4 68
8 97
68 25
19 1
80 14
72 83
76 33
31 34
17 78
83 38
94 81
97 85
35 31
32 63
3 11
77 48
45 98
50 72
74 33
34 35
17 86
47 49
48 70
43 6
53 45
37 85
57 38
1 14
3 72
14 67
31 5
93 80
81 54
13 3
51 18
97 99
40 37
54 31
67 17
77 33
44 40
18 34
44 25
2 86
18 93
83 48
9 51
74 50
42 48
61 83
1 53
35 54
30 81
52 76
67 24
50 80
43 83
67 76
44 84
13 41
10 89
93 71
31 78
41 46
58 72
56 84
85 100
74 4
11 75
5 96
16 73
12 81
62 96
8 74
38 43
30 72
3 34
77 85
21 76
82 54
32 84
68 65
20 30
88 36
66 69
66 98
74 62
9 8
81 88
64 26
5 51
40 91
3 64
75 99
73 64
76 27
19 39
35 70
80 33
24 53
24 42
81 24
16 38
93 60
7 23
50 63
3 75
99 31
37 9
53 50
42 10
23 53
62 48
81 10
79 37
43 22
90 85
63 14
65 11
81 58
21 38
93 6
86 16
73 8
96 61
3 9
44 50
65 56
87 94
92 8
50 51
65 47
75 55
91 24
77 53
65 40
31 69
38 55
63 52
25 49
90 99
38 91
77 34
20 50
44 27
18 4
53 86
26 58
86 45
95 20
94 18
42 5
37 50
87 13
82 41
77 20
19 15
15 2
90 100
79 4
70 17
27 41
3 97
97 66
10 62
24 64
87 50
98 84
44 12
76 35
81 79
47 11
76 87
9 71
61 24
21 89
79 72
51 97
94 57
98 51
90 89
19 43
6 54
71 15
73 2
71 59
96 32
30 71
72 11
44 69
88 79
79 18
10 17
22 95
67 19
21 67
74 90
91 8
17 52
100 16
64 93
91 35
72 42
39 35
38 6
6 47
99 73
8 27
58 43
56 13
41 52
36 6
85 89
73 68
74 43
53 98
22 31
68 51
86 13
26 59
92 52
17 56
83 94
34 4
49 61
76 83
29 43
27 75
88 3
71 98
32 52
52 8
3 44
36 80
14 60
57 62
46 38
14 52
24 23
73 75
92 61
15 60
9 38
90 57
75 54
85 13
19 89
41 35
73 47
59 100
7 78
71 90
34 71
50 95
2 46
23 44
99 11
78 20
25 53
27 88
33 51
9 1
82 53
54 41
3 84
42 85
53 56
96 52
57 22
26 20
29 50
20 34
74 92
56 96
69 52
53 68
22 11
9 66
32 74
45 81
81 64
25 90
98 76
20 9
34 17
40 13
98 95
52 28
37 61
90 10
7 35
9 62
1 10
44 73
20 82
39 2
46 27
71 45
99 19
76 28
59 75
53 8
71 13
100 6
30 96
59 94
19 3
75 85
74 79
23 56
27 92
48 75
95 90
78 94
96 83
40 41
24 90
24 25
64 17
91 45
33 62
77 36
28 58
94 12
53 64
98 8
4 87
82 14
88 87
29 81
1 24
78 92
34 40
84 59
79 54
49 1
55 37
80 95
93 88
13 18
87 84
30 9
42 33
47 41
65 100
7 51
70 32
60 9
85 62
22 18
29 99
6 78
82 26
18 59
53 88
67 26
19 52
30 91
52 74
41 86
98 85
79 32
54 76
35 89
35 5
79 95
97 22
42 87
22 74
56 12
25 30
56 95
34 98
77 14
12 70
79 13
13 82
19 51
49 50
10 69
88 60
4 96
30 31
9 58
15 83
63 11
29 84
91 50
73 67
47 45
6 1
90 65
79 100
5 69
78 84
94 20
7 90
91 36
75 82
64 75
89 25
80 75
69 50
91 88
89 55
41 26
71 33
58 78
93 77
56 88
9 15
10 93
73 48
88 35
82 76
35 24
55 3
81 92
91 7
30 39
32 62
98 90
57 72
87 22
29 47
79 63
99 45
2 82
46 52
90 79
17 20
55 72
33 57
25 22
29 77
2 11
75 95
46 37
50 4
88 49
100 56
71 65
64 5
55 46
54 5
11 84
32 16
94 22
54 26
78 12
78 99
78 23
56 90
32 54
47 13
41 99
97 71
45 46
30 83
31 79
49 74
21 51
30 38
58 68
74 41
1 99
98 28
15 73
27 15
93 78
96 80
93 74
32 80
9 87
87 37
46 8
100 43
39 74
43 91
65 55
59 50
81 78
88 38
50 46
76 58
35 29
43 13
66 100
80 37
56 81
52 25
72 23
11 81
94 29
45 87
50 90
23 69
94 19
64 54
54 45
72 67
7 11
2 75
30 64
34 94
52 94
100 24
2 54
10 3
71 62
59 9
1 43
92 34
36 69
12 41
38 82
61 12
18 32
47 2
2 40
70 58
5 24
62 3
60 26
82 47
95 19
56 76
21 95
27 85
43 39
14 66
98 70
80 62
9 24
48 55
39 25
83 75
100 20
89 38
21 53
84 53
32 15
73 82
24 31
32 50
1 75
46 68
16 30
46 13
26 5
95 91
67 28
74 88
2 71
73 80
31 45
88 52
36 21
42 3
52 58
54 51
60 20
27 65
80 39
30 24
50 75
4 32
41 98
28 86
15 79
48 99
86 57
49 68
65 72
68 32
69 95
79 46
26 61
61 100
77 95
53 18
61 15
17 63
3 25
95 41
63 49
88 14
21 56
93 36
94 39
73 83
86 59
23 94
25 33
16 64
65 78
3 76
85 82
97 33
58 30
65 93
72 70
76 37
31 60
74 58
6 55
44 77
56 67
17 89
100 75
30 12
78 9
66 37
99 21
55 56
98 62
41 21
54 92
5 88
20 46
74 27
86 77
68 26
79 11
70 74
99 93
22 75
11 67
62 47
47 54
58 100
49 42
75 76
29 57
95 26
89 34
3 99
92 73
35 36
22 45
57 78
31 7
37 19
50 65
36 97
53 87
86 61
59 34
38 45
37 42
83 37
8 51
91 59
98 97
65 29
5 100
48 71
75 51
86 89
54 69
63 65
73 34
33 73
24 88
85 61
47 56
47 44
85 92
15 26
36 54
28 7
56 34
26 44
25 81
42 83
24 11
83 66
38 13
4 73
21 91
53 59
23 50
93 89
14 36
99 81
30 57
6 92
76 77
27 3
18 73
49 87
47 71
74 89
68 64
100 68
90 15
80 29
33 95
80 12
97 9
30 92
33 29
61 52
32 72
92 10
49 86
2 89
50 99
46 86
42 70
82 68
27 84
62 19
39 50
82 84
12 35
71 49
98 87
91 1
35 60
22 40
92 48
46 74
96 99
60 79
17 18
31 11
84 18
99 76
98 93
7 69
98 67
70 76
37 3
78 82
98 2
25 16
96 68
88 45
68 57
8 69
85 2
87 52
80 44
83 36
82 24
55 78
21 9
51 37
53 12
30 28
37 1
56 20
38 87
6 76
55 69
65 96
26 1
35 59
3 78
45 85
63 34
2 22
26 63
63 58
15 59
56 41
2 64
41 87
5 32
24 6
88 17
86 62
44 97
15 70
61 10
11 59
93 96
56 54
62 16
99 22
73 14
42 99
5 12
60 7
18 56
54 38
77 28
68 89
24 72
87 39
79 10
31 14
28 37
51 20
6 99
19 59
74 78
2 16
11 90
15 91
21 80
90 16
30 47
62 45
45 96
18 31
61 50
4 10
14 22
53 16
28 74
12 49
21 11
90 39
27 33
44 81
67 60
38 22
41 9
3 12
98 29
90 78
67 45
33 86
62 30
70 95
6 58
23 84
31 44
8 12
99 14
97 67
100 96
50 8
77 17
6 94
8 19
34 78
93 27
70 59
21 42
43 68
89 43
85 54
69 15
43 7
25 19
10 85
94 62
50 27
81 5
89 22
6 11
31 97
43 66
93 76
69 88
33 96
23 67
51 36
72 60
58 94
88 83
3 74
56 10
28 24
56 35
84 47
10 84
68 80
73 81
12 33
67 69
81 40
2 81
80 51
79 12
81 42
41 92
14 24
55 76
27 67
51 13
58 33
13 29
99 2
7 33
51 85
67 22
98 22
50 24
36 98
35 2
21 8
11 42
17 74
37 17
59 46
74 67
63 21
7 76
52 59
98 42
14 10
64 67
19 71
98 64
65 52
82 97
63 51
75 91
10 55
15 6
53 5
77 12
42 44
44 43
2 14
51 49
99 63
24 62
62 52
16 80
45 32
21 45
88 7
81 38
62 35
51 26
29 23
99 46
71 58
5 44
45 11
39 66
31 53
94 14
71 53
35 81
55 12
94 63
88 80
54 97
15 98
76 46
38 95
32 38
86 31
70 21
91 5
48 97
79 14
75 44
50 85
85 4
47 57
21 50
31 88
45 14
92 69
78 13
48 86
67 34
90 54
65 12
61 77
46 96
95 1
2 95
43 79
23 30
65 23
61 93
97 40
43 52
55 17
64 79
6 5
68 1
17 90
44 17
85 56
92 32
32 87
2 96
38 86
23 26
77 13
89 61
51 77
32 82
1 94
39 81
4 100
65 58
8 78
10 77
65 32
31 46
3 100
77 73
29 32
39 78
33 43
38 71
87 95
79 29
44 64
76 29
87 1
67 15
86 14
73 62
37 10
28 63
23 35
57 32
76 100
52 86
55 60
73 22
25 69
54 61
91 56
94 8
80 17
79 85
99 23
83 62
60 46
63 24
97 32
60 87
93 48
84 7
78 24
36 86
98 43
54 15
77 18
16 85
47 75
76 86
66 11
9 82
26 70
65 9
59 33
42 58
23 91
14 35
58 46
38 59
90 49
71 60
85 55
59 66
30 41
23 42
59 24
58 87
68 52
75 38
47 24
37 49
74 56
67 93
95 99
79 45
8 10
47 15
42 88
1 72
59 22
88 51
86 60
100 11
27 17
84 85
25 5
33 88
40 88
11 1
76 16
31 93
8 63
49 59
17 11
63 69
51 15
28 90
26 47
42 25
46 19
90 42
99 16
2 32
96 66
91 41
93 17
49 80
98 54
84 92
4 3
81 17
71 94
48 54
39 56
37 78
69 41
53 61
14 40
9 14
24 29
56 94
76 51
84 91
54 29
6 26
39 27
31 26
76 79
35 6
39 42
24 65
89 91
3 91
92 5
53 15
57 8
84 71
25 96
68 70
99 72
78 38
94 11
74 85
31 81
69 68
3 81
10 11
72 40
8 67
71 25
55 63
25 94
93 94
51 6
86 98
42 47
59 6
87 74
17 69
19 29
18 98
99 34
99 79
20 36
31 62
86 12
48 49
61 91
26 72
75 25
54 94
56 33
70 49
40 100
2 34
46 97
81 36
52 27
54 91
50 38
57 50
54 43
96 48
48 82
7 40
77 9
56 61
79 21
54 65
19 10
32 44
4 65
21 74
88 75
56 99
71 78
80 24
20 88
62 90
2 72
85 1
17 46
90 8
84 12
7 12
43 5
73 87
95 5
9 48
29 38
58 38
36 37
38 27
96 64
100 28
28 43
79 92
90 97
69 14
2 44
86 8
24 27
84 58
34 54
96 60
96 78
54 8
21 28
13 24
1 21
27 10
94 36
73 13
71 5
82 29
91 55
15 97
73 88
38 52
19 55
4 43
72 36
34 97
20 66
44 60
37 39
28 40
77 74
57 58
52 18
66 77
76 24
51 29
36 55
68 83
50 92
5 87
74 16
13 99
47 97
98 49
8 7
13 59
76 73
84 20
26 92
27 60
52 71
25 29
71 22
56 71
59 3
1 83
79 59
69 56
2 87
51 55
5 41
20 3
81 27
29 27
54 28
1 98
41 33
58 83
5 30
61 97
12 31
56 30
19 12
83 69
31 32
86 64
75 71
11 88
51 30
62 91
29 96
89 99
92 80
84 77
46 14
81 74
89 83
44 99
35 55
35 85
80 1
64 39
4 39
57 34
22 54
58 49
55 86
90 75
100 63
34 32
64 27
9 67
48 36
40 9
57 93
79 57
85 44
36 58
17 72
66 71
2 83
30 13
58 82
88 97
78 91
11 28
98 35
9 7
76 95
58 99
87 63
1 45
99 52
68 54
56 63
92 44
29 70
78 70
92 95
90 92
55 11
70 91
83 35
19 98
48 39
44 18
37 75
59 62
21 93
98 3
92 22
7 57
53 74
69 18
14 17
36 45
61 1
90 86
53 27
16 88
79 82
28 71
21 19
33 78
4 78
51 89
38 33
56 27
66 62
57 96
94 32
51 24
6 8
21 73
77 87
73 90
54 63
79 1
9 92
63 61
89 37
80 78
77 67
20 54
82 40
38 72
41 25
9 53
94 61
55 80
48 100
36 8
13 76
27 91
28 56
26 89
27 31
96 91
31 36
86 3
93 45
38 25
38 80
7 83
82 22
50 76
83 93
24 3
81 75
70 34
5 45
19 11
85 22
1 71
50 2
53 10
15 58
7 89
84 15
32 48
69 98
14 34
51 3
42 26
73 55
27 19
100 78
35 71
26 88
65 86
5 93
57 80
14 47
66 86
73 91
8 44
3 95
51 10
95 96
41 71
48 23
7 98
18 25
32 46
98 60
51 64
43 34
83 32
32 95
72 15
55 27
74 61
37 12
28 66
67 80
69 6
71 7
80 5
48 89
86 91
15 13
34 33
50 22
30 10
1 67
64 55
40 58
18 71
75 92
58 25
15 76
10 47
60 19
70 79
44 7
49 52
44 93
38 36
83 87
7 25
32 13
27 58
74 1
99 85
22 4
86 11
8 77
5 67
77 26
45 83
24 93
89 98
7 18
24 83
91 81
75 14
52 81
56 4
50 84
64 71
51 17
21 65
97 94
6 90
44 33
96 44
69 100
78 49
67 12
55 87
20 79
12 99
72 10
79 62
41 83
6 9
2 55
57 95
90 9
55 45
44 89
5 89
51 16
56 31
70 81
2 90
15 96
12 50
68 86
95 93
91 60
6 29
82 90
50 81
36 11
47 4
63 18
94 66
80 30
27 73
45 74
48 31
25 17
27 79
47 55
79 96
61 90
73 5
64 22
26 81
89 36
55 24
10 21
1 76
36 29
37 27
27 77
95 81
6 96
1 8
50 13
1 41
28 27
25 4
18 42
4 92
23 49
87 91
34 28
40 17
49 14
63 47
46 62
96 77
65 41
75 26
5 15
77 45
94 9
60 77
58 32
39 26
77 3
55 67
70 45
92 66
13 93
63 80
30 74
22 62
80 11
92 87
14 59
21 57
61 59
80 61
93 26
17 2
61 88
66 32
84 46
56 1
56 82
60 62
100 89
29 69
37 56
70 46
48 16
80 100
68 79
30 85
53 97
38 41
14 95
69 38
47 98
25 80
70 92
62 17
56 68
72 33
99 71
35 17
37 21
70 11
50 48
98 63
72 53
78 30
50 17
43 60
44 87
9 18
75 17
46 3
66 34
31 3
37 6
79 25
32 53
86 87
20 85
94 76
98 46
88 55
21 14
13 45
84 55
10 87
91 46
79 9
79 6
51 61
6 61
70 88
36 68
41 51
68 94
16 24
74 11
93 68
49 93
72 94
53 20
92 33
40 51
23 100
77 52
66 63
34 16
100 27
61 17
96 28
29 89
52 10
58 29
82 45
48 27
77 64
36 67
93 90
73 69
41 18
36 73
94 51
58 69
31 58
26 52
82 50
77 62
25 46
43 37
38 17
24 57
16 68
47 95
63 86
71 68
41 100
30 59
76 32
13 4
10 31
6 4
53 79
15 17
18 15
33 50
68 78
19 34
18 92
71 61
75 89
63 23
65 43
57 18
46 83
66 8
10 43
18 11
67 83
12 40
34 49
39 100
66 10
79 40
67 68
59 39
69 87
41 75
46 35
9 76
37 94
95 35
65 51
45 56
41 24
48 94
29 28
86 100
84 8
49 91
19 42
89 66
79 30
80 66
77 22
35 48
86 92
14 38
97 12
82 31
25 31
72 87
67 32
82 80
74 15
75 84
70 19
26 22
19 57
65 92
95 28
3 2
68 98
39 41
50 41
24 48
46 51
90 22
57 41
59 32
7 100
82 69
59 96
22 37
75 5
77 42
10 88
55 22
100 37
44 86
83 60
88 4
4 28
59 98
10 34
34 22
32 99
45 28
48 44
75 42
32 43
31 40
69 33
13 20
15 44
82 67
29 64
27 13
77 43
22 33
65 67
64 35
59 17
37 58
57 14
38 90
60 42
98 20
89 56
30 26
62 34
25 36
22 32
48 68
73 29
55 29
47 46
56 62
66 53
25 45
82 39
67 62
7 92
94 64
21 39
10 45
22 35
96 51
61 75
33 16
25 51
21 88
19 83
86 85
76 85
63 33
77 5
29 10
49 65
1 82
35 75
6 13
49 62
35 86
61 40
51 43
44 57
18 82
7 10
85 6
86 24
47 69
90 40
48 53
12 98
61 65
48 33
38 67
14 37
68 97
32 36
43 84
20 93
95 55
82 91
9 74
99 66
16 93
96 53
9 98
63 35
69 61
4 35
97 43
35 1
44 56
97 75
34 45
66 90
82 65
82 86
53 19
35 28
52 93
75 9
24 15
99 30
8 72
75 32
77 56
21 43
40 99
59 25
26 27
92 97
30 11
59 55
97 1
5 8
63 36
76 39
32 12
46 95
2 19
35 40
44 54
46 66
11 49
17 13
80 71
34 80
90 72
91 98
82 81
32 17
5 3
79 28
27 2
14 71
90 31
54 17
75 20
4 86
29 59
80 86
75 70
63 3
9 43
64 20
68 42
45 19
4 64
39 10
71 20
57 13
7 42
77 97
60 89
3 48
72 63
38 65
87 6
10 2
81 69
46 40
61 78
40 26
69 72
55 14
69 39
9 52
13 72
25 100
19 92
40 43
12 90
44 9
91 44
19 76
100 9
95 73
19 73
10 82
95 37
22 58
57 98
25 63
11 9
10 78
42 79
82 17
12 28
64 89
47 23
20 42
25 27
34 76
36 23
70 47
81 41
9 91
84 74
71 31
64 70
97 52
11 97
66 1
32 100
66 19
97 39
35 73
15 46
64 66
9 99
46 22
81 53
30 46
71 12
6 60
25 77
54 86
1 42
95 4
27 18
97 6
80 41
22 80
72 92
20 24
27 51
52 85
60 25
13 62
3 47
37 91
3 87
93 28
73 54
97 27
74 51
18 65
40 1
49 73
77 46
43 94
24 4
47 43
10 99
14 19
48 14
61 41
48 78
68 87
9 81
13 65
1 81
62 70
88 72
87 31
3 71
78 62
66 22
34 23
23 87
8 61
12 38
33 35
13 11
81 4
86 21
17 99
90 32
27 47
30 86
49 96
97 74
97 84
66 52
51 60
70 71
52 56
57 91
73 24
77 94
65 94
20 97
41 84
47 89
77 81
8 29
48 13
79 49
6 62
60 94
35 93
79 39
66 72
96 71
18 20
8 41
54 89
86 94
53 44
50 47
15 7
49 69
49 75
80 46
91 97
49 46
8 2
56 46
69 35
47 92
37 88
50 31
83 82
20 11
30 89
96 16
83 40
60 17
100 42
51 4
93 14
100 67
83 8
16 87
68 90
40 3
55 43
97 45
29 92
10 67
45 40
69 79
51 39
56 43
51 59
39 71
73 60
45 43
27 12
36 65
69 30
98 92
100 73
5 76
20 62
74 55
90 48
97 18
73 37
43 26
30 40
25 74
29 75
29 63
96 87
86 39
9 93
23 3
34 93
53 67
44 88
9 89
65 75
63 4
49 97
35 65
100 72
92 99
43 3
12 91
62 27
100 36
81 76
22 84
80 15
88 12
29 100
61 36
44 39
48 10
12 1
29 16
77 24
95 65
64 11
99 54
49 94
75 79
85 38
54 23
68 37
81 100
64 48
48 37
60 81
6 83
68 35
99 70
30 76
16 84
18 87
80 20
18 38
81 46
11 78
82 95
39 7
31 15
29 5
87 59
10 83
46 72
49 38
80 54
34 55
64 78
86 29
96 22
29 14
24 96
15 25
21 60
34 88
4 1
6 63
74 66
88 100
60 84
68 84
45 63
46 44
8 24
24 12
35 58
8 87
10 97
17 97
89 24
72 74
33 5
26 66
87 26
45 57
62 81
43 61
6 91
49 33
72 34
2 91
94 89
85 88
98 44
30 6
59 74
71 21
73 58
50 67
9 17
37 97
21 32
90 58
1 78
77 1
93 51
42 76
30 49
40 71
6 67
49 43
21 17
78 73
91 53
34 15
86 81
69 12
25 99
22 39
1 23
34 36
73 51
30 54
75 74
1 54
94 96
4 58
1 88
73 41
14 13
54 11
67 85
77 91
28 15
87 51
59 85
68 5
20 10
30 98
71 29
96 98
33 13
72 96
61 55
59 10
16 7
30 43
66 13
95 44
61 98
98 100
38 10
42 31
13 37
26 10
34 13
18 24
96 90
94 28
50 16
59 64
67 16
58 41
38 8
11 12
58 13
85 34
13 26
12 63
28 50
28 16
54 58
73 12
14 8
51 53
94 16
39 96
21 26
16 55
42 35
81 34
24 94
23 31
39 62
29 68
16 49
18 89
14 20
100 57
11 14
100 35
94 98
80 28
26 8
18 19
36 99
63 31
66 54
74 100
57 52
37 62
70 1
40 47
16 71
13 55
81 48
48 46
72 98
88 29
12 72
24 97
87 97
1 48
66 21
70 89
37 72
3 6
71 86
99 86
8 13
93 8
84 52
77 63
90 5
25 21
1 33
55 83
29 21
86 25
15 82
18 36
17 79
68 22
29 40
59 5
69 19
27 9
62 75
57 74
85 25
52 80
96 41
69 59
61 68
17 85
23 40
26 48
49 41
5 60
94 90
26 9
23 37
59 78
62 1
89 12
79 7
29 67
91 67
53 75
77 83
23 83
15 37
73 72
1 84
7 19
51 67
63 59
41 4
36 53
67 52
74 63
88 62
41 34
9 80
83 90
37 63
28 70
29 39
4 38
34 91
80 89
49 29
58 10
86 58
35 84
26 98
76 65
30 95
85 28
50 36
78 98
28 87
95 31
78 35
18 37
37 82
6 39
9 2
30 35
31 67
71 54
86 74
91 99
3 65
93 72
33 89
15 56
54 60
48 11
12 9
43 20
47 80
28 89
71 76
92 1

10 15
7 5
2 19
15 11
1 10
13 24
2 1
23 5
20 22
14 12
23 9
20 19
13 3
17 19
9 4
11 4
8 3
10 2
12 23
1 20
14 8
22 2
21 25
16 20
20 6
21 6
2 7
25 2
24 3
3 23
21 3
14 6
17 15
25 14
17 6
19 6
12 22
15 1
2 9
17 5
13 14
12 7
1 11
17 10
10 25
7 9
22 5
20 12
5 11
1 14
23 22
10 21
12 24
19 16
3 5
4 23
7 6
22 18
20 21
2 5
7 20
15 9
11 6
14 17
22 4
7 8
4 3
6 23
15 25
9 21
2 13
7 16
10 23
13 6
22 21
2 11
12 21
6 15
19 9
20 18
7 13
12 8
2 4
3 17
1 17
2 18
20 4
9 16
21 2
16 3
1 7
14 5
11 3
20 10
25 3
19 12
6 4
8 9
21 4
11 25
11 13
9 20
23 18
18 4
12 10
13 23
24 25
19 18
1 16
9 22
9 5
22 1
24 7
24 18
19 25
4 14
5 12
18 10
10 24
1 25
20 13
6 12
16 13
23 1
18 25
24 23
15 18
8 11
9 11
12 1
8 1
19 8
16 15
21 11
15 23
2 15
4 1
7 19
7 3
6 16
22 10
17 23
24 22
9 1
16 18
13 10
20 5
4 12
10 14
6 25
24 15
24 6
14 21
15 8
17 13
22 14
1 21
1 3
8 6
11 22
9 14
22 6
11 23
15 14
16 17
18 9
8 2
14 18
17 25
12 13
12 16
7 4
24 16
23 2
21 16
17 21
7 10
16 2
10 11
24 5
2 14
17 11
18 3
24 20
11 20
6 3
15 20
3 20
24 4
7 23
15 7
24 11
24 21
6 5
25 13
18 13
7 11
19 22
4 15
16 5
3 10
16 25
7 18
12 18
4 16
23 21
4 25
6 10
4 13
12 9
22 8
23 20
25 9
9 3
16 14
19 1
20 25
19 3
11 19
4 17
10 19
24 17
18 5
6 2
15 5
6 1
16 23
22 3
5 25
22 13
13 5
2 24
12 15
11 16
4 19
19 13
25 23
13 9
19 5
7 14
9 10
15 22
22 16
8 18
2 3
19 15
11 14
17 9
8 10
2 20
17 8
20 14
21 13
24 8
13 1
25 7
21 18
19 23
12 2
15 3
12 17
14 3
8 4
15 13
14 23
5 10
12 11
19 21
17 2
9 6
19 14
7 17
10 4
25 22
5 1
21 5
7 22
18 6
4 5
5 8
12 3
18 17
19 24
17 20
11 18
22 17
8 16
18 1
9 24
25 12
21 15
23 8
7 21
21 8
10 16

27 24
22 20
10 6
19 11
19 34
16 30
23 1
27 28
28 18
34 8
25 18
32 16
12 4
22 31
16 35
6 13
11 14
11 3
15 34
5 8
16 12
25 15
17 2
29 3
15 32
19 2
8 4
4 20
14 19
9 4
21 33
35 15
1 24
14 6
2 5
20 6
13 21
12 22
27 20
19 7
20 11
25 31
22 9
17 25
20 21
31 2
29 7
35 30
30 10
21 27
7 4
28 34
34 3
27 16
18 20
6 28
33 7
18 5
32 14
1 19
13 23
21 23
15 9
3 4
9 30
3 31
31 16
3 35
25 30
11 32
13 14
21 12
33 5
33 32
34 5
23 14
13 7
9 14
29 35
1 26
17 34
9 21
12 3
13 25
35 22
27 29
16 5
6 4
10 19
16 17
14 8
19 3
1 22
33 15
24 16
18 1
10 7
20 7
1 29
1 30
10 9
2 26
23 16
17 10
14 21
33 27
6 9
17 9
2 21
5 3
20 35
25 32
10 34
18 11
35 28
14 1
35 12
17 13
32 35
8 29
20 8
17 12
9 29
18 19
8 26
19 23
9 12
26 27
28 23
18 3
30 29
10 11
11 9
19 21
9 32
29 6
11 33
2 16
21 17
12 15
10 24
17 4
34 24
5 4
34 20
15 23
6 35
29 18
15 16
2 15
32 2
20 24
21 32
21 29
7 9
13 33
6 18
14 4
13 11
25 9
7 35
25 12
18 15
19 33
29 28
19 35
13 32
1 20
35 25
18 27
25 3
2 10
25 24
29 5
35 18
3 21
3 8
30 8
24 23
24 9
2 35
32 24
28 22
22 8
12 27
12 19
34 26
17 35
3 14
1 12
14 7
3 9
27 7
16 9
8 25
12 7
14 2
27 2
15 24
7 34
26 4
27 9
20 30
35 34
17 32
16 21
28 1
30 24
20 15
26 19
2 34
8 23
18 8
23 5
1 25
20 14
2 11
11 27
14 17
10 8
7 3
3 6
24 18
10 33
16 34
30 33
18 23
12 6
16 8
35 8
28 25
12 32
20 9
21 15
15 14
2 4
14 26
27 17
16 33
12 18
6 32
23 2
34 21
35 26
28 9
26 15
17 22
33 29
11 17
29 15
26 5
27 35
29 14
27 4
29 10
31 13
4 34
21 30
28 31
25 5
19 9
21 18
20 17
19 31
2 3
16 4
6 21
33 26
18 13
7 11
20 2
11 24
15 7
31 4
28 33
20 23
31 24
32 7
17 24
6 11
3 27
34 32
7 2
27 15
23 10
1 10
18 30
24 6
1 5
31 11
23 31
12 20
7 5
6 27
21 35
29 34
2 12
10 3
10 35
26 25
16 10
19 29
29 32
8 24
10 27
26 32
25 27
3 22
3 26
27 34
15 4
10 26
25 4
20 10
10 21
23 3
7 25
1 34
7 6
14 5
19 15
28 4
22 18
21 26
15 3
12 28
35 33
31 12
24 19
23 11
21 24
24 4
16 6
33 9
20 3
6 31
9 26
30 22
14 25
9 5
17 29
12 11
26 17
32 28
14 12
1 15
15 5
27 5
16 11
9 35
24 5
13 29
19 32
20 5
28 13
13 34
33 23
2 9
10 5
5 17
6 34
27 19
26 18
8 31
14 16
25 23
18 31
1 2
6 33
33 22
28 10
20 29
10 4
32 10
3 16
35 1
31 33
32 4
1 17
19 20
27 14
23 30
23 34
14 31
30 14
28 24
13 4
6 23
33 25
31 29
3 30
8 11
19 5
14 10
5 12
12 10
28 16
21 11
1 6
1 16
18 16
23 9
19 16
18 4
18 34
1 33
5 31
30 6
20 31
27 13
16 22
34 33
13 5
15 28
18 9
19 6
4 29
23 12
19 4
17 19
11 25
26 13
33 3
26 31
12 26
2 33
29 23
21 25
2 8
1 9
8 27
7 21
32 20
9 34
11 28
2 24
21 28
33 4
11 35
35 23
30 4
11 22
17 8
30 13
34 12
5 6
26 30
15 13
16 13
28 14
31 32
4 23
20 25
23 7
23 17
8 13
28 26
16 26
32 27
22 19
4 35
14 33
33 17
25 6
21 4
26 6
27 30
15 6
19 8
22 14
5 32
8 21
25 2
22 6
30 12
34 31
2 28
17 30
34 25
31 21
22 32
23 32
1 21
22 24
31 30
1 32
24 7
28 8
17 31
22 2
7 8
25 22
4 1
18 32
15 11
23 22
6 2
22 29
17 18
4 22
7 28
15 10
29 24
8 32
17 7
5 22
15 17
13 12
30 2
15 31
8 15
31 27
25 10
19 30
7 1
12 33
13 19
19 25
20 13
19 28
9 13
23 27
28 17
24 12
26 23
13 35
11 29
20 28
34 22
24 13
22 15
21 5
2 29
14 24
20 16
11 4
10 31
29 12
35 31
13 1
24 35
32 30
16 25
30 11
26 24
6 17
1 8
18 14
13 10
1 11
18 33
13 3
30 34
35 5
12 8
30 28
32 3
26 7
6 8
11 26
18 2
13 2
27 1
10 22
30 5
28 3
8 9
24 33
26 20
26 22
7 31
1 31
7 18
29 26
16 29
7 16
9 31
7 30

19 25
26 36
12 2
33 29
14 20
6 24
5 35
5 1
40 36
2 28
35 21
35 36
30 33
34 6
36 23
34 38
14 39
29 8
8 13
13 1
10 26
26 40
5 38
32 34
33 4
30 17
35 15
7 3
7 20
2 3
36 7
14 2
37 27
11 24
30 40
4 6
3 19
7 30
2 34
16 37
28 25
32 3
40 2
1 9
14 19
37 2
29 3
34 14
32 27
34 16
22 21
36 31
21 31
28 6
33 39
5 8
18 4
32 30
37 29
12 28
15 13
33 19
19 5
15 31
9 39
35 34
6 2
19 40
13 38
23 39
3 11
12 32
21 3
7 9
37 11
11 18
38 27
38 35
2 17
16 27
23 40
30 12
7 23
4 31
35 31
34 9
30 31
7 5
23 3
2 11
13 12
12 15
26 14
6 32
16 29
4 1
4 8
38 32
8 19
14 5
10 28
26 7
3 5
19 28
28 18
16 25
4 12
14 33
18 9
31 29
35 18
35 24
14 22
7 35
37 20
21 14
30 39
2 23
33 7
14 8
1 33
33 12
26 22
24 30
10 30
36 10
26 20
39 17
19 30
9 16
6 7
14 12
19 32
27 6
1 21
27 9
32 7
33 21
40 32
31 24
23 13
40 25
32 18
27 8
35 37
4 19
25 23
27 22
7 4
35 29
29 39
21 17
25 8
23 32
32 26
15 18
16 19
13 34
4 37
7 14
10 21
31 6
22 35
34 29
36 6
36 22
13 10
15 7
14 15
10 5
9 38
21 2
4 14
15 33
24 9
20 5
19 37
20 10
20 21
4 29
22 15
13 14
34 37
3 1
26 23
16 28
10 7
39 40
26 25
16 38
40 12
26 6
10 1
15 5
26 4
16 32
25 36
22 13
3 28
17 25
26 38
39 7
28 35
40 6
29 28
4 39
21 16
32 14
16 39
16 23
16 17
11 21
31 17
37 15
12 5
4 11
25 20
29 18
17 7
1 6
29 11
30 34
13 25
34 8
25 4
20 6
5 25
15 17
38 7
18 19
10 39
1 30
13 3
20 36
28 31
9 28
20 31
28 36
27 1
1 22
31 11
31 13
17 13
20 40
39 27
30 3
22 20
5 22
20 33
40 21
7 1
17 3
12 23
27 40
14 24
24 23
9 4
28 14
10 40
19 22
9 36
28 11
31 1
24 10
23 20
18 39
15 24
4 22
5 2
19 34
8 16
6 18
22 6
17 18
22 29
35 23
4 21
22 24
12 36
6 33
30 20
2 24
12 34
8 24
3 34
38 25
22 33
32 36
39 2
28 32
26 30
34 33
8 3
39 35
16 10
2 18
22 16
15 34
36 8
33 8
26 27
32 13
31 25
10 3
2 29
34 11
18 24
38 30
14 3
3 38
17 35
11 39
15 3
1 14
4 2
8 18
23 6
9 23
9 3
12 1
35 4
21 8
15 8
9 12
22 25
38 40
1 11
29 10
5 21
11 22
13 9
39 12
12 22
19 23
11 20
27 23
5 37
36 2
39 28
37 10
28 34
38 37
21 26
3 16
30 35
39 24
24 13
20 34
37 8
17 1
12 24
38 22
21 6
25 33
19 7
6 15
5 13
15 29
13 26
4 40
31 22
37 6
36 11
31 12
29 6
40 35
25 6
39 34
10 22
4 17
29 30
14 11
12 6
28 7
14 17
24 29
5 9
10 4
30 23
7 25
11 26
1 2
32 8
18 13
5 31
13 28
40 11
32 1
11 35
29 21
19 11
33 32
23 5
34 40
17 27
21 13
25 18
26 15
20 17
33 17
34 36
33 27
5 16
10 32
39 3
40 14
9 20
17 29
35 32
28 40
30 15
35 8
23 34
1 24
19 27
33 26
35 25
28 4
25 9
27 35
17 6
25 37
40 29
24 4
30 25
2 26
38 18
25 24
25 39
20 12
34 1
7 12
9 29
38 21
16 14
34 31
26 9
23 31
27 18
14 35
26 17
4 38
39 22
40 13
1 28
18 21
19 2
19 1
39 13
28 37
27 3
32 20
21 30
5 30
38 19
15 9
24 33
6 9
34 27
19 35
39 36
25 34
14 29
38 12
27 12
32 29
16 20
2 10
2 20
22 18
29 13
6 39
13 33
32 22
15 19
32 31
10 18
27 11
16 15
30 37
1 15
18 33
13 11
14 36
31 38
10 11
37 7
29 25
5 32
30 18
22 7
24 19
24 26
11 17
3 6
30 9
20 19
34 22
31 33
19 31
31 8
5 18
40 1
38 11
21 27
12 3
35 33
29 12
30 6
39 19
24 16
16 36
17 32
27 31
23 15
38 29
36 30
34 24
19 21
20 3
25 27
25 1
27 13
5 6
28 38
31 2
20 1
18 34
39 15
18 16
31 7
32 37
37 23
16 12
40 5
39 31
29 23
21 32
34 17
13 16
9 31
23 8
15 10
9 32
29 26
19 26
36 15
1 18
35 9
36 18
40 15
22 28
24 37
19 29
24 5
22 37
9 14
7 8
16 1
20 27
16 40
18 7
39 26
24 28
23 10
5 17
37 3
9 22
17 38
40 18
3 35
26 8
3 26
35 2
37 33
4 16
12 11
5 36
8 1
36 24
37 36
16 30
8 30
37 40
18 23
8 6
4 32
12 18
37 1
4 27
19 12
33 10
14 38
36 3
18 14
40 8
27 14
26 18
9 2
11 25
28 26
40 9
31 26
21 37
1 29
15 4
24 27
22 23
33 36
13 19
22 30
5 33
3 24
25 12
20 38
27 28
13 30
30 2
34 5
37 39
10 6
33 23
27 2
37 18
8 38
1 26
9 21
34 21
25 10
40 3
24 32
21 36
14 37
39 20
16 35
35 26
30 11
14 31
10 14
15 28
23 28
9 19
25 2
25 14
33 2
4 5
25 32
3 4
34 26
23 4
2 8
10 9
1 23
6 38
40 22
31 16
33 38
23 21
28 33
11 32
9 8
38 10
16 6
21 39
15 38
18 31
23 11
28 20
22 3
14 6
7 16
13 7
2 22
2 7
23 14
21 25
36 1
31 3
22 17
6 13
21 7
37 9
20 4
24 17
2 15
35 10
5 29
9 11
16 26
35 1
34 4
12 35
38 23
7 11
31 37
4 13
12 26
28 5
36 27
37 13
28 21
24 40
15 25
10 31
15 21
4 30
40 7
20 35
11 8
11 33
10 12
33 9
38 2
8 12
39 5
17 8
18 20
17 9
1 39
6 19
36 29
16 11
24 38
12 21
3 18
20 13
32 15
10 27
33 16
21 24
7 34
33 40
15 27
20 8
11 6
38 36
29 27
2 32
33 3
26 5
32 39
31 40
6 35
17 19
13 36
4 36
27 7
12 37
17 23
25 3
19 10
34 10

50 31
5 48
24 37
11 50
3 9
2 33
49 48
42 26
15 30
36 2
27 5
13 41
36 43
45 28
20 40
2 40
23 11
36 49
14 49
30 24
38 12
47 32
38 25
18 4
45 8
36 15
38 22
3 4
44 40
8 43
25 35
10 35
30 5
45 11
34 9
20 18
45 21
45 42
28 44
49 43
33 5
50 6
39 44
47 39
29 25
37 50
20 42
15 33
42 46
47 19
36 40
19 40
48 35
50 21
3 10
24 36
21 36
39 3
40 23
25 26
18 16
11 25
38 14
44 22
34 21
5 21
4 8
27 34
25 48
34 19
26 14
10 25
30 29
18 47
25 42
28 18
30 35
11 21
36 18
6 38
29 4
14 47
17 47
21 12
37 15
12 39
20 13
14 46
2 15
14 32
32 45
24 47
26 15
37 35
42 37
16 6
43 21
6 30
26 38
20 49
29 41
4 14
24 32
39 10
6 42
45 48
49 8
15 12
8 11
36 34
29 17
40 1
5 38
45 29
7 50
8 21
23 31
45 41
27 44
18 19
15 4
3 8
37 17
43 13
8 46
16 40
10 33
29 21
50 13
36 16
20 25
8 29
1 44
35 44
15 41
25 36
15 13
9 19
11 22
42 39
19 29
16 33
27 48
3 11
27 4
1 8
34 13
49 42
23 26
30 18
16 37
2 38
26 30
24 11
48 34
1 5
31 27
41 20
10 34
22 37
34 14
33 23
1 25
24 34
27 38
50 24
17 23
38 23
40 41
47 8
15 46
6 27
22 29
10 13
49 23
15 19
24 29
35 33
18 37
8 28
23 44
49 50
3 7
24 1
22 7
28 14
45 4
35 2
1 19
1 15
32 26
49 13
12 3
30 45
8 2
40 31
31 46
35 14
18 43
22 21
28 5
4 43
17 36
30 14
2 14
29 48
18 31
40 7
46 41
24 10
24 41
18 9
12 30
26 1
28 1
44 19
40 38
24 6
39 30
44 13
49 45
6 39
1 20
31 10
31 8
21 16
4 37
50 16
49 17
29 12
44 47
16 39
4 50
8 33
41 17
32 49
19 21
17 11
12 4
30 17
12 11
19 27
28 4
14 45
9 49
16 2
36 47
42 17
19 23
36 44
48 6
3 33
25 15
11 39
9 23
31 4
41 19
48 18
42 38
35 49
42 22
27 50
42 32
36 20
12 23
9 36
22 12
39 21
15 16
27 24
8 14
35 23
15 27
30 28
25 41
28 12
9 28
1 43
44 32
50 15
35 17
34 17
7 29
28 33
33 34
20 26
21 14
46 21
17 43
9 6
37 31
45 27
27 42
3 5
23 8
6 45
2 24
36 38
28 35
44 16
20 12
7 4
18 1
37 32
49 2
27 1
2 23
11 13
50 14
48 36
26 27
41 3
47 5
17 8
7 17
45 2
49 31
44 46
4 11
37 38
36 50
38 45
47 16
49 6
24 20
34 3
40 47
12 40
16 5
10 37
29 34
19 13
34 6
1 3
44 21
13 46
27 40
34 42
20 50
48 42
39 32
50 42
39 40
49 37
25 27
32 41
48 46
36 46
15 48
9 45
24 12
3 46
8 30
47 11
8 20
27 14
16 43
28 19
43 20
48 16
22 43
43 25
13 47
30 19
1 13
41 33
44 10
17 6
50 22
30 42
27 23
14 29
21 9
43 32
14 25
34 32
2 48
2 19
18 23
7 8
1 32
7 44
46 7
35 47
16 19
44 37
8 15
16 26
15 42
49 15
5 11
13 40
6 29
36 45
7 13
38 32
8 36
18 35
39 38
12 17
4 19
2 10
40 35
15 18
45 44
44 50
34 38
15 3
5 19
11 19
23 6
5 32
31 24
5 50
33 29
24 14
20 15
18 34
22 46
23 28
19 46
31 17
10 9
40 17
9 8
35 16
25 5
12 25
13 33
19 32
41 14
34 40
33 22
27 46
29 38
31 30
49 11
38 47
13 4
38 11
31 28
16 12
3 21
32 6
34 15
35 34
12 9
47 34
45 1
5 26
26 7
49 33
13 24
3 32
29 2
40 6
9 44
21 2
18 27
9 11
9 47
13 37
6 25
17 44
47 27
7 1
11 7
16 23
46 50
29 49
2 34
32 31
35 9
19 25
46 11
27 11
1 46
31 34
4 26
33 20
21 10
41 34
22 2
43 11
4 10
9 43
26 44
26 17
14 43
19 49
35 12
35 39
6 11
22 14
42 47
16 8
16 10
9 13
49 5
22 47
45 20
12 8
25 37
18 7
5 36
30 25
45 18
10 11
10 23
50 9
17 25
17 10
36 11
45 33
15 28
40 50
34 45
42 41
26 39
44 42
12 32
16 20
1 47
37 27
36 19
16 30
7 28
35 3
50 33
16 24
39 27
19 38
32 21
50 29
48 43
45 7
30 20
42 16
17 22
23 14
47 43
21 40
3 28
35 8
37 9
24 8
12 13
36 27
12 34
43 6
25 24
40 3
6 33
19 22
36 35
36 29
23 15
12 45
10 28
47 46
41 21
30 3
28 11
27 41
7 12
40 42
14 48
27 20
20 19
41 11
45 22
18 42
9 38
4 6
13 30
32 25
7 37
10 19
16 46
19 31
15 11
9 30
4 9
1 9
38 18
11 30
45 23
23 41
40 25
32 29
4 49
46 45
3 19
16 49
33 12
2 30
33 42
25 31
23 50
50 48
29 18
23 4
28 41
27 12
13 27
2 43
41 31
5 44
4 5
39 29
8 18
11 33
10 1
35 19
6 46
30 46
5 23
18 21
18 12
44 24
41 37
39 33
32 13
6 14
22 23
16 14
17 28
8 50
10 29
16 32
4 38
42 9
6 21
25 16
41 47
22 16
19 42
31 29
12 43
31 1
31 5
36 7
33 19
6 22
46 20
28 25
2 32
38 8
14 37
30 38
28 47
44 20
46 23
18 14
39 45
6 31
23 13
39 49
37 36
43 29
47 31
17 24
40 26
30 47
11 44
28 13
3 16
46 37
36 23
20 47
43 10
27 29
18 50
40 49
5 45
21 35
30 23
31 35
39 50
39 9
43 30
45 26
19 50
34 28
18 39
38 44
46 28
1 29
48 3
14 20
10 5
40 15
2 18
33 31
27 2
22 40
43 42
10 22
8 5
3 43
37 8
26 21
1 6
20 3
15 24
39 34
7 20
10 32
9 24
44 8
13 6
45 43
1 12
15 39
20 11
27 33
47 50
4 42
11 34
30 34
40 9
10 8
17 5
25 49
5 41
20 35
1 14
16 13
46 4
17 50
4 30
36 26
20 34
28 24
48 26
23 32
4 24
12 26
2 12
31 12
18 10
19 12
33 24
10 50
11 37
22 5
25 47
27 22
39 2
44 6
9 2
25 46
33 26
18 26
24 45
1 11
26 41
42 28
22 36
35 6
49 7
17 3
14 12
8 34
50 34
20 38
5 14
41 16
48 39
30 50
24 21
28 21
39 31
24 5
11 16
39 43
12 41
41 50
19 24
3 22
22 30
35 41
2 1
13 45
35 29
33 9
32 46
48 13
24 49
34 1
4 21
49 28
23 29
39 37
4 39
49 34
4 1
27 17
7 43
39 41
34 16
30 32
5 13
43 5
33 1
9 5
1 36
5 15
2 28
34 26
40 37
9 15
26 50
38 46
27 30
3 45
27 21
50 35
18 6
17 9
37 21
39 25
28 37
22 41
48 38
36 14
19 37
28 6
5 18
7 30
12 10
32 17
37 30
2 47
43 23
26 46
34 5
15 31
43 37
12 50
9 16
35 7
13 42
17 19
50 3
35 11
43 28
40 45
46 35
11 48
26 43
20 21
48 10
21 17
23 25
29 5
37 5
19 45
32 8
13 14
3 25
17 14
4 34
33 30
26 29
5 40
42 36
29 11
38 31
26 24
31 20
32 20
42 5
1 37
23 37
48 4
14 19
49 22
6 12
36 39
27 28
7 38
18 44
40 46
43 50
32 27
25 8
28 22
19 39
50 32
32 18
44 15
42 2
47 49
28 40
20 37
31 21
2 4
39 20
35 43
13 25
35 45
17 38
7 9
29 44
29 47
15 32
50 2
44 34
20 10
7 32
12 5
41 43
42 7
40 24
12 49
39 8
30 36
17 1
41 1
46 5
7 15
22 9
32 4
35 26
34 46
42 8
5 2
45 16
48 31
50 1
37 2
48 19
48 23
38 3
26 9
28 26
3 18
18 17
14 11
21 25
29 9
14 3
20 2
34 7
24 7
7 48
14 42
29 40
6 5
4 33
9 25
27 35
24 48
8 13
44 3
44 41
47 37
39 17
37 34
40 4
39 24
26 47
1 16
42 3
50 28
22 34
49 10
21 42
7 16
9 14
36 28
44 31
21 33
37 6
46 12
15 29
13 36
40 32
39 22
39 23
10 47
7 47
48 9
11 18
35 5
2 31
7 10
35 15
4 47
33 18
20 22
7 19
28 20
49 3
12 44
42 31
31 22
31 26
11 32
47 45
2 41
45 31
14 44
3 36
33 32
31 36
1 30
29 20
41 8
15 21
32 28
25 4
9 27
1 21
3 31
10 36
12 47
35 24
38 50
23 1
37 33
9 32
6 36
41 4
24 42
40 10
22 48
23 34
33 44
25 44
32 35
16 28
9 41
33 36
4 20
18 22
45 50
33 47
30 44
27 10
17 4
48 32
22 15
28 38
6 19
33 17
18 41
6 3
37 45
43 19
38 16
10 46
36 41
35 13
25 45
23 47
6 7
8 40
48 20
33 43
21 48
40 11
22 4
24 22
24 46
26 37
33 46
46 39
6 2
32 36
7 33
10 15
2 44
21 7
27 7
16 31
37 3
43 38
22 1
21 38
46 17
39 7
1 38
41 49
22 26
6 10
24 23
35 22
30 48
38 35
17 15
49 30
10 45
37 48
27 3
15 47
33 25
28 29
22 13
43 24
26 3
18 46
29 13
31 9
40 48
42 12
2 11
6 15
3 13
25 34
46 43
10 41
11 42
41 7
48 8
41 48
13 17
19 8
39 5
26 10
46 49
44 4
29 16
20 5
42 23
14 39
10 38
50 25
10 42
20 17
29 3
6 8
38 24
15 14
7 5
3 23
21 49
22 8
43 34
15 43
25 22
46 29
15 45
48 1
31 7
6 26
21 13
47 3
38 15
48 28
13 18
10 30
45 17
33 38
47 6
42 35
1 35
26 13
25 2
33 48
49 26
13 31
44 43
48 47
9 46
40 30
12 36
43 40
14 7
18 49
13 39
28 39
14 31
49 38
21 23
19 26
3 24
7 23
20 23
30 21
3 2
35 4
10 14
41 30
38 13
49 44
2 17
21 47
43 27
11 31
4 16
26 11
27 49
31 43
8 26
37 12
6 41
32 22
8 27
20 9
48 17
25 18
13 2
40 33
44 48
41 38
2 7
25 7
14 33
18 40
1 39
27 16
6 20
36 4
42 29
46 2
2 26
49 1
12 48
40 14
29 37
