1
1.13619
1.63299
1.22474
0.955317
0 1
0.01 1.01409
0.02 1.02808
0.03 1.04197
0.04 1.05575
0.05 1.06943
0.06 1.083
0.07 1.09647
0.08 1.10982
0.09 1.12306
0.1 1.13619
0.11 1.14921
0.12 1.16211
0.13 1.17489
0.14 1.18756
0.15 1.20011
0.16 1.21254
0.17 1.22484
0.18 1.23703
0.19 1.24909
0.2 1.26103
0.21 1.27284
0.22 1.28452
0.23 1.29608
0.24 1.3075
0.25 1.31879
0.26 1.32996
0.27 1.34099
0.28 1.35188
0.29 1.36264
0.3 1.37327
0.31 1.38375
0.32 1.3941
0.33 1.40431
0.34 1.41438
0.35 1.4243
0.36 1.43409
0.37 1.44373
0.38 1.45323
0.39 1.46258
0.4 1.47178
0.41 1.48084
0.42 1.48975
0.43 1.49851
0.44 1.50712
0.45 1.51558
0.46 1.52389
0.47 1.53205
0.48 1.54005
0.49 1.5479
0.5 1.55559
0.51 1.56313
0.52 1.57051
0.53 1.57774
0.54 1.58481
0.55 1.59172
0.56 1.59847
0.57 1.60506
0.58 1.61149
0.59 1.61775
0.6 1.62386
0.61 1.6298
0.62 1.63559
0.63 1.6412
0.64 1.64666
0.65 1.65195
0.66 1.65707
0.67 1.66203
0.68 1.66682
0.69 1.67145
0.7 1.6759
0.71 1.68019
0.72 1.68432
0.73 1.68827
0.74 1.69206
0.75 1.69567
0.76 1.69912
0.77 1.70239
0.78 1.7055
0.79 1.70844
0.8 1.7112
0.81 1.7138
0.82 1.71622
0.83 1.71847
0.84 1.72055
0.85 1.72245
0.86 1.72419
0.87 1.72575
0.88 1.72714
0.89 1.72836
0.9 1.7294
0.91 1.73027
0.92 1.73097
0.93 1.7315
0.94 1.73185
0.95 1.73203
0.96 1.73203
0.97 1.73186
0.98 1.73152
0.99 1.73101
1 1.73032
1.01 1.72946
1.02 1.72843
1.03 1.72722
1.04 1.72584
1.05 1.72429
1.06 1.72257
1.07 1.72067
1.08 1.71861
1.09 1.71637
1.1 1.71395
1.11 1.71137
1.12 1.70862
1.13 1.70569
1.14 1.7026
1.15 1.69933
1.16 1.69589
1.17 1.69229
1.18 1.68852
1.19 1.68457
1.2 1.68046
1.21 1.67618
1.22 1.67173
1.23 1.66712
1.24 1.66234
1.25 1.65739
1.26 1.65228
1.27 1.647
1.28 1.64155
1.29 1.63595
1.3 1.63018
1.31 1.62424
1.32 1.61815
1.33 1.61189
1.34 1.60547
1.35 1.59889
1.36 1.59215
1.37 1.58525
1.38 1.57819
1.39 1.57098
1.4 1.5636
1.41 1.55607
1.42 1.54839
1.43 1.54055
1.44 1.53256
1.45 1.52441
1.46 1.51611
1.47 1.50766
1.48 1.49906
1.49 1.49031
1.5 1.48141
1.51 1.47236
1.52 1.46316
1.53 1.45382
1.54 1.44433
1.55 1.4347
1.56 1.42493
1.57 1.41501
