1
6 158
1 2
1 3
1 7
1 8
1 13
2 3
2 4
2 7
2 8
2 9
2 14
3 4
3 5
3 8
3 9
3 10
3 15
4 5
4 6
4 9
4 10
4 11
4 16
5 6
5 10
5 11
5 12
5 17
6 11
6 12
6 18
7 8
7 9
7 13
7 14
7 19
8 9
8 10
8 13
8 14
8 15
8 20
9 10
9 11
9 14
9 15
9 16
9 21
10 11
10 12
10 15
10 16
10 17
10 22
11 12
11 16
11 17
11 18
11 23
12 17
12 18
12 24
13 14
13 15
13 19
13 20
13 25
14 15
14 16
14 19
14 20
14 21
14 26
15 16
15 17
15 20
15 21
15 22
15 27
16 17
16 18
16 21
16 22
16 23
16 28
17 18
17 22
17 23
17 24
17 29
18 23
18 24
18 30
19 20
19 21
19 25
19 26
19 31
20 21
20 22
20 25
20 26
20 27
20 32
21 22
21 23
21 26
21 27
21 28
21 33
22 23
22 24
22 27
22 28
22 29
22 34
23 24
23 28
23 29
23 30
23 35
24 29
24 30
24 36
25 26
25 27
25 31
25 32
26 27
26 28
26 31
26 32
26 33
27 28
27 29
27 32
27 33
27 34
28 29
28 30
28 33
28 34
28 35
29 30
29 34
29 35
29 36
30 35
30 36
31 32
31 33
32 33
32 34
33 34
33 35
34 35
34 36
35 36
