1
100 100
4 1
65 2
92 4
80 5
23 6
92 7
4 8
20 9
92 10
76 11
56 12
10 13
43 14
45 15
89 16
92 17
31 18
42 19
72 20
30 21
4 22
22 23
49 24
54 25
92 26
22 27
99 28
56 29
22 30
56 31
96 32
3 33
85 34
38 35
26 36
92 37
13 38
64 39
24 40
10 41
83 42
31 43
15 44
3 45
82 46
10 47
65 48
60 49
31 50
23 51
7 52
72 53
60 54
65 55
3 56
91 57
64 58
10 59
30 60
87 61
52 62
29 63
61 64
22 65
65 66
57 67
44 68
71 69
45 70
61 71
18 72
14 73
38 74
62 75
56 76
67 77
35 78
34 79
31 80
10 81
45 82
10 83
4 84
33 85
20 86
70 87
56 88
33 89
85 90
15 91
33 92
40 93
26 94
18 95
20 96
80 97
51 98
72 99
48 100
14 1

