10
0011111100
0001111010
1000000010
1100100000
1101001011
1100000000
1100100011
1000000010
0110101100
0000101000

10
20 70
20 80
20 90
20 100
20 110
21 127
22 145
33 240
36 310
40 380

7 11
7 16
10 13
20 6
8 20
11 8
12 13
4 20
10 9
11 18
20 18
4 18
10 5
2 16
19 2
16 17
15 20
7 10
8 14
13 4
5 20
3 9
5 19
11 14
19 3
15 6
1 3
10 2
20 10
15 3
4 6
17 4
18 17
18 9
6 5
20 19
13 1
7 4
13 17
15 16
6 8
17 10
12 4
12 8
14 5
11 13
10 8
4 10
11 2
6 19
2 14
16 9
9 20
17 3
17 6
1 5
3 11
20 2
12 20
18 8
2 18
10 16
8 2
6 1
15 1
13 7
8 9
10 6
15 19
5 18

11 7
2 1
15 8
9 16
18 8
15 11
3 19
5 11
9 11
6 15
10 11
1 3
6 10
20 3
18 6
16 2
1 18
6 3
11 1
20 14
4 7
17 20
13 19
1 10
20 6
16 14
10 5
12 10
12 6
4 5
3 13
15 9
1 17
1 5
18 12
4 11
18 3
1 9
8 14
8 12
8 19
12 1
14 7
10 4
13 14
13 20
7 16
13 5
8 1
10 15
17 7
15 20
18 15
18 4
12 9
12 3
17 5
16 6
5 12
17 12
12 7
3 4
14 12
5 8
9 18
6 7
10 19
6 19
17 11
10 17
16 3
15 17
4 17
10 14
20 1
2 11
6 1
9 2
19 20
6 2

7 6
19 11
2 19
1 4
2 16
17 19
9 2
10 2
20 6
19 16
1 18
20 9
20 10
6 5
1 6
9 4
20 15
15 18
19 6
11 17
16 14
9 11
18 3
4 19
12 9
10 4
11 4
16 3
4 18
2 1
4 2
11 6
17 14
12 1
13 18
13 9
4 13
5 14
17 16
7 12
3 5
6 2
3 19
8 12
14 18
9 16
13 11
15 4
7 1
17 9
3 15
15 6
3 11
17 2
3 6
10 9
15 5
10 14
10 17
15 12
7 14
12 11
4 17
16 7
18 2
1 10
10 12
10 11
5 11
2 13
10 8
15 17
19 12
1 8
15 9
2 20
8 7
14 19
5 17
7 18
5 16
14 3
7 9
13 17
20 13
6 14
6 9
10 7
10 5
13 6

17 13
10 11
1 5
18 2
7 6
3 12
19 17
11 20
18 1
12 15
10 7
15 7
15 16
19 3
8 5
20 19
10 2
14 19
5 14
9 14
11 6
9 2
5 18
17 12
11 17
10 13
20 16
6 9
10 9
3 20
13 6
2 8
15 19
2 15
9 7
19 16
8 18
3 14
14 12
1 3
9 3
1 7
4 2
2 3
8 11
15 20
18 16
15 18
17 14
5 15
11 18
13 1
3 4
14 15
9 16
11 4
12 4
20 18
13 12
11 7
15 8
9 15
7 16
1 6
17 16
13 5
8 9
15 4
4 20
4 1
5 11
20 9
17 2
11 15
5 7
1 8
16 5
2 14
6 12
10 16
20 12
20 14
6 14
7 3
7 14
12 7
1 10
14 10
11 16
13 16
19 10
19 13
8 14
9 19
3 15
8 20
19 1
13 3
5 6
6 2

16 4
18 10
19 20
5 20
1 2
5 15
19 1
18 9
18 13
11 20
18 5
2 3
13 11
16 5
5 9
9 7
4 18
7 19
19 4
8 15
7 13
2 14
13 3
11 18
19 5
14 4
9 4
15 19
16 14
4 6
13 15
6 2
20 18
2 13
3 4
5 10
16 15
8 5
6 20
19 6
7 14
18 2
12 1
13 5
13 19
9 12
4 1
17 20
1 9
18 12
6 11
13 1
2 20
15 9
6 3
13 10
6 12
10 1
5 14
3 10
5 7
3 15
3 9
20 8
1 16
19 10
5 4
14 8
12 4
17 12
11 1
10 11
19 11
17 13
14 18
17 19
15 11
2 11
18 1
9 11
7 17
12 14
20 1
17 2
13 8
15 10
10 4
20 3
11 16
13 14
8 11
19 9
9 20
10 7
12 15
9 8
8 10
16 7
5 3
3 16
1 3
4 13
7 20
3 12
7 12
20 12
14 17
9 16
3 17
2 8

11 17
16 5
16 11
11 21
2 3
1 12
20 3
21 5
12 5
20 6
20 5
18 4
21 7
8 7
10 11
2 1
6 11
6 3
18 5
18 21
16 17
7 15
12 11
4 20
3 9
11 19
1 4
18 7
11 8
18 14
14 6
10 17
15 8
19 15
17 15
11 20
20 18
3 19
1 14
19 5
16 14
2 6
17 5
1 13
16 19
11 13
6 8
21 6
1 10
6 13
14 12
15 20
15 21
3 15
15 5
9 21
8 16
2 10
9 2
16 7
19 12
18 12
5 4
16 1
15 18
1 7
10 15
18 6
16 15
6 5
7 6
6 12
20 9
13 19
18 3
3 14
16 10
1 19
2 17
7 2
14 9
1 6
6 9
7 13
17 13
1 21
7 10
11 7
12 10
8 2
3 13
4 6
4 15
21 10
20 8
4 21
3 8
21 13
7 17
17 6
15 2
15 14
10 20
16 18
5 7
7 12
8 1
20 1
4 11
11 1
15 9
2 20
7 4
19 8
13 15
2 16
17 4
12 2
19 7
9 13
16 4
11 14
14 19
2 21
8 5
17 21
6 16

16 18
11 13
9 5
14 2
20 17
8 14
19 16
4 20
7 4
21 22
11 19
7 1
7 22
14 3
14 15
9 22
18 2
12 16
14 16
12 15
7 9
8 18
5 2
9 12
14 9
14 10
1 4
4 2
3 12
3 22
5 14
15 21
14 4
18 6
19 4
11 16
12 17
22 10
1 6
19 6
21 6
17 8
7 12
17 6
15 3
21 2
8 12
17 11
20 22
21 16
22 5
14 17
20 6
19 3
1 15
12 18
11 10
17 21
7 21
19 15
18 4
8 5
7 3
22 14
18 7
16 22
18 5
18 15
17 18
19 10
1 8
19 14
17 7
21 14
10 1
3 4
19 18
13 19
14 13
3 9
6 22
8 11
17 15
7 19
13 6
21 9
9 1
10 6
21 18
1 2
21 12
2 12
2 15
14 12
2 3
12 5
3 17
22 19
7 5
11 9
10 21
8 9
20 3
20 2
5 19
12 6
11 3
10 4
13 1
2 11
20 19
16 8
15 10
12 20
13 3
8 21
17 4
18 14
16 15
8 4
22 4
8 2
8 6
10 17
13 9
16 7
9 4
13 10
10 5
1 16
7 11
6 7
11 4
11 5
4 12
18 3
13 8
18 10
22 12
16 20
19 8
20 1
17 19
4 16
20 8

26 13
21 11
22 8
32 6
25 14
23 9
5 15
24 32
9 24
7 9
25 30
29 9
27 31
18 32
1 27
9 27
5 30
26 31
8 10
11 27
3 12
17 20
26 15
17 8
2 10
31 5
8 28
24 15
22 31
29 2
18 19
29 33
11 13
30 4
30 26
29 27
21 1
33 5
15 28
23 1
8 19
2 14
16 14
22 33
12 1
18 26
18 17
10 6
5 2
18 8
2 12
3 28
24 20
13 29
5 6
3 11
12 23
32 31
5 20
15 11
17 25
32 14
20 1
7 31
32 21
1 30
30 18
3 20
27 13
7 1
13 10
20 32
32 29
1 3
22 28
4 9
9 18
1 29
23 31
4 12
13 3
14 15
24 27
30 20
10 18
10 11
4 26
31 24
32 26
30 6
28 7
26 19
6 4
33 8
6 29
13 6
28 16
19 2
22 9
27 6
7 30
32 9
17 16
5 29
27 26
23 22
14 8
18 22
11 6
23 19
13 33
5 3
24 2
25 9
33 10
33 12
12 15
31 2
9 21
3 4
2 16
23 14
26 3
24 30
31 33
22 32
32 19
30 15
3 25
5 26
10 30
18 4
19 22
1 15
27 12
15 16
16 13
10 12
2 28
11 26
21 29
3 19
16 18
18 24
20 25
18 6
32 33
5 16
20 6
12 26
18 1
28 13
28 18
22 6
15 21
23 27
2 27
13 4
13 24
25 8
11 14
15 3
25 22
5 12
14 3
33 2
3 16
28 14
17 6
18 7
22 27
11 12
22 24
16 31
5 10
7 22
33 9
7 14
17 33
30 31
31 29
3 22
20 12
10 31
4 32
8 27
30 3
27 17
33 1
24 28
18 11
6 3
16 33
10 15
27 19
11 31
31 18
29 17
22 1
21 18
18 33
23 8
2 17
21 14
14 10
28 5
7 19
19 14
26 2
23 5
25 15
14 24
16 19
21 25
4 19
9 16
27 30
9 31
16 32
16 25
9 13
6 26
14 20
21 3
13 1
21 4
16 27
32 27
14 6
22 16
9 14
4 27
21 30
28 11
2 21
24 12
22 5
33 26
22 21
22 11

30 20
4 27
2 33
9 23
4 28
32 27
30 32
17 8
18 17
8 1
14 18
35 2
14 26
35 23
1 21
9 34
3 31
30 10
18 33
10 20
18 27
8 21
28 31
20 34
28 20
30 6
1 24
29 22
11 17
32 9
3 33
3 17
36 10
33 24
23 31
2 3
23 17
11 26
8 13
30 24
30 16
4 21
23 6
22 30
21 36
31 11
28 21
11 21
29 35
15 34
20 13
18 28
35 18
7 18
15 6
1 34
2 18
11 34
27 23
2 13
17 1
23 24
12 23
23 29
23 22
22 13
1 14
26 9
24 7
7 17
21 32
7 26
31 15
12 3
3 34
9 22
33 19
31 1
34 7
2 36
13 36
5 22
21 16
16 34
15 14
1 19
3 26
11 23
11 20
33 9
26 25
17 24
20 2
28 13
15 19
25 3
17 21
23 16
6 35
32 33
7 20
32 2
1 6
25 36
14 16
11 33
18 19
10 23
36 18
10 24
15 33
7 2
23 13
12 28
32 14
16 18
25 9
25 34
1 20
26 34
25 12
15 25
14 6
7 30
24 15
13 27
16 3
31 36
3 21
7 25
27 20
35 15
19 11
31 13
8 32
23 3
28 33
13 3
19 23
25 10
30 8
19 10
30 9
18 24
33 5
35 9
4 17
35 7
18 25
31 4
8 34
7 13
3 36
23 33
16 31
36 19
18 13
12 19
8 18
31 12
11 1
13 29
13 25
33 36
32 10
29 2
5 31
9 17
16 27
1 28
6 25
23 28
11 24
29 4
29 3
12 1
19 28
18 32
21 9
18 12
20 35
2 8
4 22
17 30
36 30
4 6
33 12
10 3
4 24
7 23
3 24
28 30
16 29
12 7
9 19
10 9
6 9
16 5
10 12
13 19
29 11
36 17
17 15
12 5
35 34
28 8
27 31
27 9
10 31
33 13
10 28
1 2
25 2
7 1
27 34
19 25
30 23
24 9
20 21
14 27
15 28
27 35
25 5
35 14
13 9
4 10
11 6
11 12
16 9
25 21
34 2
29 28
4 11
6 13
22 20
15 27
2 10
12 6
6 20
24 34
35 11
17 16
8 7
4 34
24 27
17 13
22 17
6 31
16 7
9 3
4 36
18 15
12 36
31 26
15 5
16 2
1 30
17 19
7 6
33 34
29 24
4 15
26 5
16 24
9 7
28 9
36 8
30 14
30 34
8 3
33 31
8 14
32 22
28 24
5 11
1 18
15 13
26 30
18 22
27 19
25 30
8 35
35 19
18 5
24 35
11 22
13 30
15 10
26 18
32 26
27 3
8 6
25 22
35 26
23 4
17 6
13 24
21 31
11 32
22 10
36 34
26 16
23 25
4 7
22 8
26 13
10 1
4 25
31 9
8 11

18 34
20 19
5 27
39 11
21 26
23 35
38 17
15 27
3 37
22 36
9 7
30 25
9 27
19 30
29 34
27 1
37 4
15 13
19 8
34 16
34 6
4 10
4 23
4 39
22 7
29 30
6 38
35 10
21 27
40 19
28 33
34 27
13 10
3 14
5 30
16 21
25 39
25 40
37 25
5 22
31 12
11 7
6 7
20 2
25 20
10 15
36 11
37 9
22 38
20 30
7 8
11 32
21 29
31 7
18 23
33 18
24 16
29 19
20 28
26 13
20 34
22 14
2 22
35 6
40 23
20 18
7 21
30 10
22 3
8 10
6 26
21 35
22 32
19 13
11 27
10 22
28 10
20 3
26 25
4 7
28 26
9 25
32 29
12 11
11 16
36 3
36 20
26 18
10 1
6 31
21 32
25 4
24 1
39 30
25 18
17 40
8 18
36 33
36 28
3 5
13 30
38 32
5 7
28 12
4 13
39 6
26 19
8 11
17 26
10 11
6 1
33 29
39 22
36 23
35 15
35 16
30 24
11 38
19 31
7 28
16 2
16 14
20 37
18 13
5 16
1 34
28 17
16 19
16 23
27 6
39 1
40 11
9 1
26 23
14 23
8 32
22 24
32 1
40 28
35 19
31 25
14 5
40 7
33 12
28 18
30 9
34 13
20 40
37 19
18 2
15 6
39 27
17 10
5 4
40 37
5 1
2 37
26 38
29 35
36 4
2 27
23 8
20 24
5 20
39 28
36 37
37 28
5 13
20 16
27 19
26 27
3 6
20 27
4 29
15 34
9 4
5 8
12 34
26 32
26 7
16 33
6 10
26 22
16 6
20 10
4 22
33 20
17 8
28 3
1 31
28 22
29 36
23 10
3 39
17 30
39 9
32 13
33 13
40 2
31 2
13 16
33 14
4 33
3 23
7 25
30 37
25 36
25 22
33 34
5 37
2 4
19 2
14 21
37 27
26 4
37 34
22 29
28 24
36 26
26 33
19 12
1 21
1 25
2 10
20 26
20 17
35 36
24 21
9 13
26 37
33 17
32 16
36 24
9 26
19 36
10 31
20 7
37 11
11 15
26 34
23 37
12 8
38 36
12 22
17 9
2 38
13 31
13 37
8 22
5 34
34 23
12 13
26 10
11 23
7 37
35 14
29 7
35 34
12 26
9 38
40 3
11 2
24 39
29 18
37 39
39 5
4 19
27 23
37 14
19 1
8 13
20 12
2 12
8 30
23 12
17 7
1 38
29 39
3 7
14 30
25 15
25 27
36 40
6 29
1 7
23 39
27 33
29 25
28 4
15 26
37 1
16 15
39 10
20 21
3 4
22 9
22 13
14 20
23 31
37 10
16 18
6 18
5 32
19 23
5 36
11 28
38 30
26 14
14 31
36 21
23 1
14 9
22 16
25 8
20 35
11 35
17 13
21 34
20 38
32 33
21 28
23 7
6 20
18 36
13 6
3 16
40 33
5 40
33 30
36 27
12 35
25 32
25 13
31 36
40 4
2 15
7 30
15 18
22 1
31 4
19 17
28 15
24 13
4 32
15 31
14 18
21 15
38 23
18 12
3 26
6 2
31 33
9 23
30 26
7 13
18 5
3 25
23 29
40 29
11 33
12 5
15 14
24 4
24 5
38 33
8 29
17 14
38 7
30 21
17 16
10 18
2 29
27 12
39 16
27 24
3 10
29 10
2 26
21 8
31 20
